# Generated with: Aquila v. 2.5.3
# Original wave file: tmp.wav
# Audio sampling frequency: ?????
# Frame length: 20
# Frames count: 145
# Parameters type: MFCC
# Parameters per frame: 10
# Save timestamp: 1335784396
#frame: 0
-3.480634777205
0.5833750605135
1.581638254779
1.251275188521
-0.2471469044306
0.006093010149789
0.06184355983894
0.9756541440774
1.965308607838
0.6179984108614
#frame: 1
-3.66397954521
0.8813414148038
1.346293206558
0.7321978035305
-0.0660532613157
-0.1122095779444
0.01056839716705
0.6551200148111
1.661110943722
0.6936571235532
#frame: 2
-3.674303432617
0.6718392181792
1.835215940769
0.7247443512501
-0.1370018903748
0.01920754121406
0.1320967754765
1.185393017641
1.489709075815
0.714022000182
#frame: 3
-3.769953819778
0.9480083894995
1.62892085476
0.8849356948088
-0.2956887440726
0.0847836564791
0.1356225329315
0.9603596699313
1.980113560357
0.6139388928062
#frame: 4
-4.504007197416
0.7713004894415
1.966351565918
1.028720306905
-0.4720584592638
-0.2573304763654
-0.2314587547652
0.784010253662
2.21227945125
0.7155021056429
#frame: 5
-4.163504969773
0.883047831044
2.045886551902
0.9214775526201
0.08366758389753
-0.4219283347748
-0.1385799718415
1.190035265637
1.651978321259
0.7600269865434
#frame: 6
-3.808441360923
0.4543615724319
1.800833655002
1.490612907348
-0.1488045434518
-0.4522610765218
0.1663816190817
1.037277512057
1.670342737806
1.139207176588
#frame: 7
-3.620627899118
0.6801190162413
1.421026764641
1.222303845373
-0.4075384277622
-0.5749044348407
-0.0681978524676
0.937991557379
1.583269463921
0.8069241178592
#frame: 8
-3.845000883259
1.118056838824
1.93191070363
0.6494365097927
-0.1511153153325
0.247492073373
-0.3433954030381
0.8614604400753
1.559871018113
0.5138106174714
#frame: 9
-3.861062303564
0.5409562987747
1.828156154318
1.19004398668
-0.3533844738567
0.447427301718
-0.5446831984618
1.170159794226
1.717288266378
0.8302637931407
#frame: 10
-3.750130389948
0.3927892176753
2.087462974564
1.224509012406
-0.5529988514875
-0.0009295240728825
-0.1629004700308
0.7877428440454
1.858266473639
1.030053521056
#frame: 11
-4.002368381803
0.4919168093708
2.392716506218
0.9217826161859
-0.3899222588946
0.04276499133339
0.02994440619111
0.4720093752178
2.152477102307
0.6053168053001
#frame: 12
-3.823340345931
0.1018482119671
1.798998451006
0.8955586232057
0.1267355900822
-0.1582929913392
0.1819805612129
1.397539635054
1.725367709084
0.3844504046507
#frame: 13
-4.089682539685
0.4549465329673
1.845705051408
1.011572372608
-0.2175111269086
0.3771469273667
-0.04200733458097
1.132031197313
1.781338012059
0.6789133418986
#frame: 14
-4.381772105947
0.4886575987988
2.381400556079
0.8731055954856
-0.3669298548054
-0.1412136735477
0.07123753211854
1.035206354604
2.011654807469
0.3796536783796
#frame: 15
-3.9285029245
0.9396586899776
1.688511787101
1.061212538124
-0.2085199078968
0.1019649403881
0.2042337215264
1.062226517445
1.606824489698
0.4766660582753
#frame: 16
-3.903510383075
-0.01536970558071
2.275486867454
0.973335333924
-0.1513492599907
0.269685361085
-0.2429731991133
1.18003435576
1.97102890231
0.748221820898
#frame: 17
-4.078792749108
0.1520494628287
2.258981214439
0.4876776478703
0.04559770259728
0.05508581371743
-0.04486975102219
0.811142601859
1.792135247912
0.5912338386468
#frame: 18
-4.111858832202
0.5938042156192
2.390083614945
1.364472964669
-0.1781247850461
0.02016825331181
0.02161711129207
0.5721202587788
1.978999398246
0.6708459102131
#frame: 19
-4.38912760645
-0.06121789831873
2.710500523717
1.154328289576
-0.1071982939482
-0.5381975825746
0.4986234502695
1.397203028017
1.56207545606
0.4799040226479
#frame: 20
-4.304154186978
0.3223178076449
1.99232085767
0.8790236988051
-0.5719724395976
0.3828713773374
0.1340784993566
0.832289085362
1.52716364122
0.5970843859567
#frame: 21
-3.916675642673
0.5002467238543
2.246839353025
1.597660012879
-0.1925966523782
0.09945306086887
0.09628857401467
1.003594618929
1.306433278288
0.6866106513575
#frame: 22
-3.888613764608
-0.1493623195325
2.297894157114
0.8215198795431
0.04976657467325
0.2473284700494
0.3068227386322
0.8981528170621
1.547712476451
0.8364910662628
#frame: 23
-4.809324328187
0.6498243244033
1.752469067947
0.8316056028478
0.01169001906736
0.05387309784392
0.2767163362871
0.906650510515
1.837849020694
0.8773997165838
#frame: 24
-4.128642351358
0.7304475571091
2.304768732332
1.059549878152
-0.00663557475559
-0.02536872385064
0.4273128018534
1.449669783611
1.368565942646
0.5925873480767
#frame: 25
-4.053075692939
0.2260632870229
2.255300339981
0.6307840839493
0.2693736602767
0.004639207273106
0.3849841991459
0.9355723231818
1.46746135706
0.5735306392891
#frame: 26
-4.183698653977
0.006980172770833
2.068559117669
0.6775042204694
0.2167093659581
-0.004371347480548
0.3123727429689
1.290604543712
1.614833031393
0.7421162450344
#frame: 27
-3.959585448179
0.3451947122373
2.171782784482
0.7639508576829
0.3986011541646
0.1208769812529
0.4187918443599
1.272351656289
1.624517288315
0.6246741487435
#frame: 28
-3.748410755161
0.2476304863677
1.998356456847
0.9079900290192
0.1594116777485
-0.1829664528225
0.0001541648572993
1.158958800399
1.362757603641
0.6097921659595
#frame: 29
-4.862015803251
0.8202935881973
1.554837450678
1.097740210478
0.1325698875686
0.1151920003208
-0.2314496782281
1.480137638331
1.847685442565
0.6593616027002
#frame: 30
-4.089456686342
0.8496430513641
1.42372956631
1.219755442482
0.216119666075
0.05929285907784
0.2842733602235
1.422819194798
1.620659066181
0.760659353266
#frame: 31
-4.171121249296
0.6863378002586
1.5606993866
1.134678966967
0.3144109707597
-0.3140301283349
-0.05417875439739
1.027712666008
1.161048873675
0.8405507258343
#frame: 32
-4.229422700104
0.2990654615433
1.526478304196
1.152798743524
0.1459461010987
0.01258031356955
0.2600914436498
1.388666971911
1.761265483612
0.6014010088273
#frame: 33
-3.559951977485
0.1299595981613
1.895156851643
0.9712263803815
0.3162097713705
0.4222182515897
-0.02057121290428
1.134319530528
1.637506921115
0.9379994734601
#frame: 34
-3.44942537382
-0.1018481695751
2.135461309925
0.7124509023219
0.04056026964679
0.3860927583197
-0.1399099368193
0.8759828884953
1.403444698589
0.7774056521603
#frame: 35
-4.138075204702
0.1085458646355
1.521754107718
1.031085542555
0.3368093132489
0.2570549889031
0.3191073812492
1.180973000978
1.804703480088
0.5074928200701
#frame: 36
-4.101915860783
0.5640992297598
1.639897207491
1.171438256738
0.4380200211158
0.09965474856146
0.1201760180936
1.304681284148
1.716591187556
0.7084511816698
#frame: 37
-3.95559980057
0.4856533303697
1.523179256315
1.252644593497
0.00110355791679
-0.02571256180401
-0.003040254500952
1.159223263428
1.467016151594
0.524541377166
#frame: 38
-4.04641223498
-0.09359142221245
1.880839849181
0.8630390825493
0.354542333306
0.1787500321989
0.07489694715851
1.111327853981
1.923768759061
0.8278266811456
#frame: 39
-4.181078380662
0.5531004022223
1.823988774708
1.064576869682
0.5128592800551
-0.08199820640145
-0.1566905709611
1.417642253096
1.926420722058
0.8197443574264
#frame: 40
-4.314217022348
0.07577310603845
2.434580841179
1.334544292592
0.01551218146541
-0.587771823322
-0.3249810987651
1.290155812538
2.115691016971
0.2748563841098
#frame: 41
-3.76030511968
-0.4958802432643
2.253026747325
1.44849579387
-0.02208939711384
-0.147473202635
-0.1091719114184
1.398133259752
2.339328665111
0.4706675254047
#frame: 42
-4.057749691829
0.4096693807749
1.847381100658
1.077899531798
0.4610079099163
0.09839674698479
-0.1103624093963
1.381825101844
2.068070515825
0.5704715113877
#frame: 43
-4.138789625771
0.6356267684903
1.685198052959
0.970534299141
0.1657397303216
-0.08834585518387
-0.484526836878
1.023321349914
1.777160885888
0.5175904442483
#frame: 44
-3.601066274212
0.04661007468291
1.791662608677
1.052276855976
0.1545299448721
0.4506456135947
-0.07004895966102
1.021064610293
1.876327669524
0.6582514029354
#frame: 45
-4.055066593945
0.4543866131111
2.055523172615
0.9606908837997
-0.001107259137064
0.3027971263284
-0.2402349770642
1.680735459285
2.040495139843
0.2215688135492
#frame: 46
-4.205219260712
0.2616018934651
2.133717491006
1.105171686577
-0.01852167431786
-0.2127690832739
-0.5791382523049
1.339452417675
1.859024617765
0.247767541675
#frame: 47
-4.159761958546
0.6187591836344
1.796378880479
1.25498268674
0.2007170202962
-0.121637712798
-0.2537929395124
2.017449208582
1.647871641975
0.4060823948663
#frame: 48
-4.013209586111
0.5289467256134
1.847238739397
0.7050858982834
0.1019204815607
0.6367678753061
-0.04269289182964
1.198373184068
1.83866597908
0.9589882413673
#frame: 49
-4.216102737535
0.6800435894503
1.548772599443
0.8181524640439
0.08789770075663
-0.3516971402964
-0.2369911077525
1.041959253265
1.797251525992
0.3687296178727
#frame: 50
-3.887321487447
0.6109697777819
1.877085417194
1.026362453309
0.3121033372363
-0.001265974803134
-0.0170605124139
1.464014108191
1.449080857521
0.7290397470274
#frame: 51
-4.450800879889
0.6441912151236
2.265609790013
0.9914890024919
-0.1623902711042
0.1873283812629
0.1729366981752
1.309426062635
1.976643932813
0.6269111062988
#frame: 52
-4.913233353533
0.9567788023636
2.1403947973
1.057492893317
0.2797451160599
-1.231835648491
-0.2005449683289
1.42224707233
1.838995041453
0.5644095071221
#frame: 53
-4.49298101665
0.7618993031261
2.077124831549
1.098723784671
0.187050466103
-0.5381123850618
0.3000635364937
1.624117392762
1.676684596856
0.6342980738597
#frame: 54
-4.575232251983
0.7726921226133
2.112006766431
0.7909683681671
0.2077882984892
0.02910185618079
0.01123163695495
1.467892050162
1.940512827605
0.4983251392503
#frame: 55
-3.987653471698
0.458674638627
1.907283638405
0.5969254602513
0.1597086714332
-0.5949076930939
-0.1833982629475
1.35056811712
1.202918683105
0.8649710178234
#frame: 56
-3.367007975097
0.1019066449793
2.430186183456
0.4976895532325
0.4850696605817
0.1542024820999
0.2439874163621
1.044022119447
1.346739633947
0.9224165357943
#frame: 57
-3.93009008571
0.3001599023994
2.020201983657
0.9317582660563
0.1568852707764
-0.08411401673879
0.3577000636738
1.43113156065
1.460374343125
0.6014753070009
#frame: 58
-4.411338768809
0.5918467117814
1.929807032448
0.9329847316076
-0.216284243738
-0.6892629879229
-0.02108866347195
1.397354325806
1.48455375917
0.749608936654
#frame: 59
-3.713902797684
0.4469205422665
1.835286370909
1.044135553742
0.1155142307132
0.01906272042101
0.1625997743965
1.409168272327
1.738879452794
0.5366509686854
#frame: 60
-3.899987367055
0.2174242562517
2.531538825838
0.1355064112918
0.5667957700746
-0.0790637308401
0.5046184088002
1.238527726692
1.694988409816
0.463809012162
#frame: 61
-4.203843797898
0.3804917770006
2.21688336059
0.4876210562454
0.2416429756977
-0.7501765462948
0.2206217167183
0.9716060427109
1.568582250656
0.8260532186878
#frame: 62
-4.168046370902
0.3760671322498
2.396631825831
1.250126808622
-0.04646902018823
-0.5724515809916
0.4392710351917
1.584701094363
1.983110578765
0.548929459114
#frame: 63
-4.147099196532
0.1215706610416
2.162764916648
1.106917485393
0.1812256653519
-0.2069396401855
0.2399376532459
1.443933282284
1.73292877822
0.7935771555136
#frame: 64
-3.97564078392
0.1487044202681
1.898150358588
0.9826647736817
-0.2196483526246
-0.2226906911016
-0.3199159773625
1.076890399595
1.787768495828
0.920351713149
#frame: 65
-3.403299510183
-0.1160405337294
2.666906510511
1.17693911522
-0.2277967442821
-0.4824739734732
0.1921073314698
1.676749552366
1.323408187945
0.9845570038071
#frame: 66
-4.315588966872
0.3527635965899
2.103456459345
0.7937844503643
0.2922311280609
-0.2383504377892
0.3825941341043
1.483140693222
1.381937221724
0.9567067074198
#frame: 67
-4.385454433336
0.5583264609401
1.865544166044
0.715050818159
0.005391248472298
-0.5378748887657
0.008699412062895
1.071842183645
1.680269635893
0.7094434309339
#frame: 68
-3.870613408784
0.3731255041732
2.429031625912
1.371991601682
-0.0575965709602
-0.6107584943123
0.1011188174537
1.461608662491
1.55336103558
0.6877190618674
#frame: 69
-4.282495629338
0.3272231811952
2.239252351735
0.6473031438034
0.1866250968612
-0.05962886496412
0.1794800513401
1.670055959125
1.362490053277
0.6545342189102
#frame: 70
-4.534901810748
0.72673192595
1.6600244167
0.9468602485684
-0.0687604255103
-0.4685686065126
-0.1493203680379
1.231268426718
1.660879199307
0.6220957230726
#frame: 71
-3.984184040328
0.3120243774974
2.565696179008
1.561651798504
-0.05180518882235
-0.8196710385112
0.1708758945853
1.201247232165
1.729660822392
0.5576662323063
#frame: 72
-4.57344206095
0.3080223107058
2.204462971793
1.083045019612
-0.1077458000685
-0.1042245173589
0.2477335199502
1.249786163331
1.812368660075
0.7250526893787
#frame: 73
-4.509203563671
0.2919563133431
2.175484410515
0.6848423483761
0.2579326090762
-0.6394039251338
-0.3869337404901
1.185522503767
1.769778911469
1.047218800648
#frame: 74
-3.599410397169
0.2118371216254
2.590837155069
1.057610472348
0.3170886832173
-0.6062284987306
-0.08077163090497
1.343227643609
1.420999547552
0.6606311157086
#frame: 75
-4.276703552455
-0.07157175494994
2.161917029836
1.396411327781
-0.3029891540812
-0.2306299189576
0.1660871809909
1.429886379213
1.742242176708
0.717038531844
#frame: 76
-4.103730811745
0.2502524525279
1.668457832246
0.9856962000463
-0.1352615857526
-0.2197852190391
-0.005903762585001
0.8360673737665
1.695605590884
0.9553275065397
#frame: 77
-3.597612525496
-0.02036820651433
2.147803888454
1.639314053919
-0.2057095366014
-0.165703573431
0.06643840829781
1.019703378912
1.756406133909
0.5778519618144
#frame: 78
-3.997464084517
-0.2990033053223
1.887425167223
1.161806794155
-0.2675772435723
0.2306987315753
0.2379069417476
1.315584603498
1.532666210444
0.7781013932165
#frame: 79
-4.335838182721
0.1615029352647
2.125138818681
0.688699305318
-0.2242330122521
0.5419431495242
-0.5322272271259
1.402569911917
1.709267522736
0.5082399429299
#frame: 80
-4.215313566344
0.07788462304312
2.319209560815
0.7930677382373
0.08178960996672
0.7285940385818
-0.4550708168015
1.197607826171
1.723915950007
0.5952320614251
#frame: 81
-4.82129096515
0.1213376600014
2.127026246421
0.6398899169685
-0.03112863532346
0.8423584906714
-0.1831322883406
1.918895540878
1.424206917104
0.5060546805033
#frame: 82
-4.954798940725
0.1361417749903
2.156535113815
0.8946193080517
0.009759811593627
0.3742565374184
-0.145996721349
1.322188053221
1.882087319466
0.632364929529
#frame: 83
-5.179750255733
0.8040360219366
1.865904257366
0.7181115964213
0.3150743503738
0.6003382648225
0.002452837103424
1.532010999015
1.246249170992
0.5671204763613
#frame: 84
-4.95436847821
-0.1530952279432
2.293207878231
0.5019097909327
0.2766512655951
0.7345071960709
0.2186093305489
1.701139178103
1.147904809158
0.7053857365267
#frame: 85
-5.3823434408
0.4003417589601
2.689262538
0.418406244928
0.4001167252728
0.3846174536866
-0.1635109869872
1.194733718309
1.592926548511
0.6638418398046
#frame: 86
-5.368864759857
0.5169791709965
2.618721555835
0.469420175502
0.1934465076927
0.3010425713443
0.1461695574362
1.3999261276
1.372865052412
0.3468426913013
#frame: 87
-5.121941925839
0.05200994654766
2.547843050082
0.6874835851822
0.170893222749
0.04400464209649
0.7060565537489
1.045666460152
1.572452091778
0.4060680507652
#frame: 88
-5.07789834166
0.43629242602
2.62170833881
1.198284538077
-0.4077585674993
-0.02285798771252
0.1239474542982
1.205094254739
1.6383383141
0.2767813912926
#frame: 89
-5.233552160128
0.7725023186615
2.350272134091
0.222862831991
0.1289051995491
0.4128588860138
0.2584844773134
0.9087265641196
1.333675437001
0.4749094122752
#frame: 90
-5.036635535872
0.44830015005
2.176048402797
0.7159603903949
0.1352649821279
0.02774322467638
0.5875534507228
0.9850136544061
1.498970458288
0.5221379056574
#frame: 91
-4.611658793717
0.5493169116614
2.449285133417
0.8779539214679
-0.313606749705
0.1587134314597
0.03372734813792
0.8886750941491
1.859594748003
0.1444692733999
#frame: 92
-4.985174385486
0.4115875680672
2.487373564993
0.9683523895775
-0.3187242491021
0.1782761419576
0.121119633983
0.8931591861322
1.596864631254
0.5528515446589
#frame: 93
-4.603070598214
-0.03467050101306
2.181518078831
1.494290432206
-0.7639613839315
0.5511179194284
0.3877632264122
0.9138865545495
1.47350013167
0.7560356674615
#frame: 94
-4.73489400263
0.4829589373082
2.289919603978
1.55043162437
-0.5827755396172
0.05297089816682
-0.1199051531348
1.222170985819
1.709216811562
0.2021560483371
#frame: 95
-4.990336629043
0.4071858431034
2.385286816376
0.9433064927693
-0.03172791236067
-0.00651271119585
0.235627764733
0.9604841866591
1.385086818903
0.6529468133038
#frame: 96
-4.73805588164
-0.2406578542941
2.41209734233
1.303600142467
-0.1848345640286
0.2363005399609
-0.04104988732198
1.109646885228
1.71023222827
0.7511487619509
#frame: 97
-4.247951338319
0.3236559201613
1.950989070908
1.287280018358
-0.389652500155
0.4082016563964
-0.1058071042613
1.228101965544
1.527008669434
0.4441289492153
#frame: 98
-4.949282086582
0.6285451056713
2.29244909216
0.5113911724611
0.4814351792463
-0.03152452569413
0.3293539196405
0.9513457770913
1.29104860443
0.4481655290075
#frame: 99
-4.90177882819
0.1200771486178
2.114512447073
0.5332251561781
0.3429579099938
0.2754466628072
0.2694408613024
1.289173612024
1.574334016805
0.4534768910921
#frame: 100
-4.506924608052
0.3245687013802
2.225497114244
0.8325191070975
-0.1341411227241
0.4543632401091
-0.0227000262184
1.578967498639
1.680958136635
0.1362169014562
#frame: 101
-5.129708343254
0.5171404473131
2.38960266988
0.7342267945911
0.3315455522547
0.1668292316644
0.01036222502705
1.310698503646
1.492617545605
0.5908225262955
#frame: 102
-5.284299841724
0.3477128556426
2.062005608795
1.017069511676
0.0640829870014
0.2712609984453
0.0587163484492
1.312759688204
1.982763053571
0.6365650214677
#frame: 103
-4.784231163771
0.5259708796032
2.148623663541
0.8123591214314
0.1653831405338
0.6115528670214
-0.2565199460394
1.646076428093
1.698407679894
0.5699173496289
#frame: 104
-5.159982780013
0.5370039095109
2.394290134805
1.005547060822
0.1167052707982
0.450252284812
-0.3973739549876
1.154363959452
1.646237830952
0.8807039828833
#frame: 105
-5.712145739984
0.2427252036784
2.329676756593
1.37503230339
-0.06539993277296
-0.0582449749767
-0.0998907722667
1.469388820465
2.022176810535
0.7928397824805
#frame: 106
-4.415901546413
0.1824806988176
2.125484901352
1.341235539039
0.04889593876444
0.3788392631135
0.08708339799884
1.005424587528
1.835657279687
0.7280758213279
#frame: 107
-5.165613032931
0.3089955899438
2.474027617135
1.508229558777
0.01801816308257
-0.09501133526792
-0.02856826314526
0.8767314343978
1.634080761868
0.7548877133903
#frame: 108
-5.353585118508
-0.06813378065929
2.29134678561
1.501293000321
-0.05808420296838
0.1243559331336
-0.1723266089566
1.01324442106
1.866054067261
0.9909442672675
#frame: 109
-4.621392772014
0.8941236997058
2.191058441616
0.9943404718668
0.5153206286934
0.2577668500782
-0.07119245177205
0.8818873838797
1.375030655968
0.6623550518295
#frame: 110
-5.210067902545
0.9322304307111
2.350164517903
1.000581224925
-0.1705171769905
0.2419318070753
0.1172110928356
1.174998309894
1.266098359453
0.5018631977295
#frame: 111
-5.374646126219
0.5225043076792
2.284458893397
0.7015007172633
0.2648739242931
0.2509981578775
-0.2929147690959
1.571448850572
1.317289354881
0.4907103122412
#frame: 112
-4.357810247663
0.5658846105886
2.42506118207
1.353094190497
0.1246714715834
0.2139111418003
0.1571245098768
0.8094147247035
1.055482382041
0.9933167224527
#frame: 113
-4.939020309324
0.2442380905568
2.613005816675
1.084608748179
0.1225054698451
0.2359500296954
0.1626288802345
1.127894926433
1.314885677346
0.3156166785266
#frame: 114
-4.953560628126
0.2961947512461
2.186649727783
0.6971645642071
0.1382515277345
0.2717407656583
0.1361554269964
1.052420399661
1.204902056542
0.9072070547666
#frame: 115
-4.363456560735
0.5207358776883
2.549137266022
1.663960633743
0.02717072981688
-0.2095241199768
-0.2411660964394
1.426640350363
1.222923860805
0.7549413532183
#frame: 116
-4.936242169656
0.1018151052083
2.850216829519
1.181218043701
-0.1430872642884
0.1107753421963
0.08621653134573
1.374707861469
1.283457954154
0.7033857327508
#frame: 117
-5.100498243947
0.07930461822183
2.466436503382
0.8733085231375
-0.3736804456917
0.3759143565396
0.03855376839494
1.221057859978
1.60665735137
0.7608235732056
#frame: 118
-4.20847023591
0.5224970487637
2.64551766191
1.294908900004
-0.305242426875
-0.1718341553187
0.4895945091637
1.419743401796
1.095072054514
0.669186090199
#frame: 119
-4.347317884037
0.2821984084269
2.157682471504
1.150614244345
-0.1612608875553
0.5224677274558
-0.06596003930423
1.243738377055
1.265701617148
0.920998142313
#frame: 120
-5.041072427029
-0.3607011220434
2.646742806227
1.518882416069
-0.5471524743587
-0.02359211383313
-0.5375805107661
1.694383039058
2.056513343148
0.732764410837
#frame: 121
-3.719326194129
5.848060731242e-05
2.194424612961
0.9923440981127
0.1782361955766
0.5638679586061
0.05026661289606
1.246169552829
1.50545583421
0.8115067810986
#frame: 122
-4.751041337343
-0.3568048704894
3.075255188856
1.180484312127
-0.4712521232958
0.5701354130168
0.04302051881545
1.375204089745
1.542418363095
0.8607308605719
#frame: 123
-4.850584966433
-0.03317068575793
2.06631038411
1.074239716715
-0.5661963283439
0.4798442511087
-0.1382424808834
1.318868410498
1.237567401795
1.05179552208
#frame: 124
-4.645610059313
0.149495062142
2.675973248088
1.459009673636
-0.06537239335977
-0.1226670257147
0.01785099045726
1.561339927542
1.703156246459
0.501543769859
#frame: 125
-4.644733395649
-0.1510181832619
2.321455158449
1.056839468691
-0.2604096888072
0.6938450107269
0.1678430694102
1.314745159952
1.545180436033
0.7955105876367
#frame: 126
-5.377179607615
-0.5233736789406
2.836204095826
1.306611564599
-0.1114827168988
0.08363571626543
0.01756313623631
0.7803357173104
1.903613111739
0.7280872644734
#frame: 127
-4.324476259606
0.4665330848047
2.044655630336
1.318386257227
0.1097163815056
0.3691477608659
0.2678396859151
0.6626796755152
1.105616334157
0.6579296415278
#frame: 128
-5.587790934169
0.0252085698109
2.21298725899
1.564879112716
0.3653756615918
-0.2809749940279
0.2969375010238
1.069604852533
1.753530548102
0.8205711203236
#frame: 129
-5.531991720797
0.3731134197036
2.344411964524
0.8831109149335
0.0406667428824
-0.06407281496141
0.5292490996559
0.4894159352892
1.527572506338
1.015790118346
#frame: 130
-5.091260407417
0.6975379321316
2.345789123248
1.24604223421
0.2035021298557
-0.2742166976041
0.517017494157
1.048845916705
1.162021932489
0.6302178158286
#frame: 131
-4.61036746771
-0.2334967639333
2.038381030649
0.7401197537531
0.1136603323064
0.2589122436967
0.6628307271627
1.27050648208
1.220480622424
0.9322749818509
#frame: 132
-5.454119462319
-0.02594134137761
2.654537713567
1.25550026838
-0.3457562058694
-0.04169144957164
0.4996953790124
1.086477154542
1.597004033428
0.8467121876254
#frame: 133
-5.306186446155
0.4142366813505
2.065940877669
1.202269198664
0.1304873110158
0.02093574314823
0.8559778023006
1.131688864048
1.287275465949
0.7018609374724
#frame: 134
-5.084230017353
-0.2754813551838
1.982270229476
1.309930846363
0.2056759112102
-0.06391332339527
0.931652603178
1.588996151029
1.320639502159
0.4478111926564
#frame: 135
-5.508684238963
0.3271236224511
2.466879338097
1.281727369455
0.009910995334546
0.05769185320447
0.3333948481654
1.116219814695
1.244246012814
0.6186739141341
#frame: 136
-5.807254610161
0.2732988333047
2.551726320132
1.319367854576
0.1988350488942
-0.01654637974925
0.1793507864143
0.8439835211622
1.382138442822
0.9120856735985
#frame: 137
-5.54408688392
-0.1330914588443
2.353108932513
1.397354694268
0.4627703984055
0.1518443173279
-0.1290010165036
1.261720117072
1.309220372095
1.204753022009
#frame: 138
-5.246465782932
0.4003641949951
2.706129248775
1.128182719706
0.2097997310293
-0.06583509913937
-0.1731092326067
0.8782844446254
1.306406757404
0.7941184827342
#frame: 139
-5.047516581585
-0.005507659053494
2.972082570741
0.7562135606388
0.1098176410604
-0.07029388609582
-0.002674074627468
1.311328561279
1.200832387161
0.6507008720425
#frame: 140
-4.934256802474
0.31507226118
2.16659131592
0.7614169925246
0.1219054733996
0.130557902162
0.1646733760277
1.275561743047
1.205028271939
0.6769701028961
#frame: 141
-4.640284507615
0.3528764137482
2.437997093104
1.493617374902
-0.6929827863054
0.2082801693575
-0.1485087731993
1.147695933482
1.272955778635
0.7161875023193
#frame: 142
-4.604912161032
0.2075146000641
2.605593901119
0.7143624683858
-0.4714765612372
0.6313841922575
0.1122458927772
0.9912239100025
1.089269591707
1.009134487719
#frame: 143
-5.061587524006
-0.2677637856137
2.864825608362
1.018188628745
-0.5508299070031
0.03126292353536
0.4771580174059
1.390972682746
1.428203977699
0.6464397129689
#frame: 144
-4.654199266531
0.3440863596764
2.603052604966
0.709213005798
-0.1719793859036
0.2613720468188
0.0116505763923
1.337203140447
1.410204842758
0.5894402907653
