# Generated with: Aquila v. 2.5.3
# Original wave file: tmp.wav
# Audio sampling frequency: ?????
# Frame length: 20
# Frames count: 145
# Parameters type: MFCC
# Parameters per frame: 10
# Save timestamp: 1335784377
#frame: 0
-1.834035214037
1.038587191643
1.05626364313
-1.816886365936
-0.7778597795945
1.612721565446
1.858073102768
0.1437672576116
0.55014232596
0.2861060375431
#frame: 1
-1.036415406564
1.265497624258
0.0868371784081
-1.178352360966
0.3382523226493
1.31948223615
1.5805503999
0.8044320759096
0.7031420911283
0.4781634811022
#frame: 2
-1.339111237907
1.071493576302
0.8630189329389
-1.298536971895
-0.5429901458378
1.845233232865
1.74251427949
0.6885805972829
0.1649603290173
0.548407151864
#frame: 3
-1.394771090288
0.8004130441426
0.4657848009499
-1.077691670485
-0.2820685800166
1.415231127198
1.895681598475
0.6556590335164
0.4286805165833
0.2694166190312
#frame: 4
-0.5606950178305
0.9029098169796
0.07786290167387
-0.4099039397296
0.00540839550397
1.57641630748
1.397816794674
0.7191883179784
0.6418125673658
0.1656042894605
#frame: 5
-1.174504321321
0.9934674064516
0.8530525539494
-0.9554544111805
-0.8482639345097
1.233524246046
1.850234438453
0.1405756479645
0.3765785230493
0.1854858143483
#frame: 6
-0.6241284234587
0.4826651958957
0.9135105166157
-1.081439894783
-0.5121961388323
1.664896665596
1.460981847182
1.115211160951
0.09253711054786
0.4793018764967
#frame: 7
-0.660549990787
0.6427150561044
0.4951243529168
-0.7416212433838
-0.3259101292894
1.129445310043
1.598215259178
1.061164519442
-0.04008840737278
0.4398566714656
#frame: 8
-1.046472528677
0.7093956966565
0.4350740121386
-0.9951356222598
-0.7783092453419
1.413326168851
1.753710444452
0.4487819714334
0.5926120767901
-0.0550625024812
#frame: 9
-0.7090553951173
1.101662848238
0.731907495556
-0.7481378015854
-0.7494896586589
1.420255171114
1.505863252648
0.7239320335976
0.1590837108164
0.09233278887316
#frame: 10
-1.08900518018
0.763539055673
0.3806319680216
-0.9737941742789
-0.779759376672
1.609866823654
1.414562576697
0.9515264482011
0.2357657888864
0.1701503990887
#frame: 11
-0.8451851705433
0.6602558823523
0.4087020622922
-0.9128671090629
-0.6520907064527
1.294655220496
1.616714540793
0.8566581119921
0.2974656312102
0.239985924487
#frame: 12
-0.5320580540883
0.8514951371288
0.2501455081289
-0.8350809311003
-0.9861392108877
1.598078133659
1.648735216203
0.247149525297
0.4560115437942
-0.007023280192366
#frame: 13
-0.6774493858622
1.36648508212
0.6519757436784
-1.134683822624
-1.085716499343
2.213281810584
1.159910754071
0.5332028793199
0.2971327984326
0.4441686236473
#frame: 14
-0.2868981405251
0.861415920121
-0.2581046215375
-0.5173306408482
-0.5458614167941
1.409730392893
1.313612732718
0.9337006567155
0.3630883012438
0.1386043635125
#frame: 15
-0.6387501029583
0.4256729692799
0.072525060501
-1.288943634745
-0.6404115302898
1.726756061304
1.437639606396
0.3941398810028
0.3480681334913
0.5654566539551
#frame: 16
0.1864950938843
0.5649173351941
0.1312603914983
-0.9679939133432
-0.2703784143248
1.60529895191
1.668711140399
0.6480447064243
0.6751650587364
0.3488865991151
#frame: 17
0.2074947861556
0.3156875715241
0.2746370013917
-0.7764153335452
-0.6259385918419
1.032682698493
1.72340812879
0.4794164905592
-0.1253414066421
0.5056522613686
#frame: 18
0.1205247469906
0.6376300526746
-0.1265615788089
-1.084748611947
-0.2736099977917
1.908997826783
1.250084913471
0.5772139167147
0.5108050922157
0.1392506876029
#frame: 19
0.7872657745915
0.3036362156893
-0.2530567940219
-0.4640038592096
-0.4412285174074
2.088048018787
1.134394371335
0.8553293399559
0.4781791416483
0.246178801349
#frame: 20
0.3316385612388
0.2241135141686
-0.07362325847186
-0.9855245771143
-0.8094662652053
1.453421033424
1.485473613664
0.708329841456
-0.07518981551556
0.6056580967988
#frame: 21
0.8855642817373
0.8026172301943
-0.1411877561426
-0.7445867156095
-0.3842192047889
1.49527183951
0.9272257368735
0.6094137257951
0.4377287706953
0.2279756381178
#frame: 22
0.537181927797
0.5580431414218
-0.4965711951292
-0.6963395289603
-0.3174295689131
1.26643124705
1.110362020515
0.9451261892907
0.3893534491873
0.1128094279654
#frame: 23
0.1343929806942
0.4513942961512
-0.4252651244628
-1.009158321515
0.1756499428628
0.8103808189383
1.422818023935
1.143116664832
0.2246375986029
0.3896275000148
#frame: 24
0.8282147830983
0.7487472083457
0.01053286715472
-0.8445726592957
-0.5960052566089
0.8998502553667
1.029111882371
0.6610136546217
0.236191714581
0.7615248749553
#frame: 25
0.4608510087687
0.5267078091425
0.5156556376948
-1.517589881026
-0.4243301771995
0.9827080672016
1.220122907962
0.9183067425513
-0.1511027677283
0.7655189878328
#frame: 26
0.3316491641593
0.644866433902
0.03859949146716
-1.194017972259
-0.02132361862846
1.21160187667
0.6654212153204
0.9319942665334
0.7619892820881
0.5336776023284
#frame: 27
0.3887211354573
0.2750942566695
0.1352416808897
-1.476288216093
-0.4444461891488
1.33330459588
0.9768751127957
0.6763920253937
0.6953016815387
0.6624228042401
#frame: 28
0.7727964603714
0.8159292473072
0.4252074423721
-1.362589571285
-0.410306856875
1.466594176868
0.8984102531258
0.4813902175589
0.5241073320066
0.9056504944851
#frame: 29
0.7562868875805
0.4745466533841
-0.2144430090841
-0.8159223060868
-0.1367179446358
0.8514596127081
0.6839159964945
0.837204454857
0.3311116293852
0.5916627440149
#frame: 30
0.322527625157
0.1932017742502
0.3919531619498
-1.622679678699
-0.4369655080609
1.556303843428
1.470624213438
1.217732492798
0.09086818616981
0.5188902608911
#frame: 31
0.06443202774479
0.6876753267291
-0.2372182421685
-1.084130519162
-0.04573613658567
1.625264321716
1.25388330463
1.287297461106
0.3954436534204
0.9663932117911
#frame: 32
0.2934427294896
0.3835542722035
-0.07425215090766
-0.9795766429924
-0.2270755642151
0.7229918912585
1.025742612671
1.106332083648
0.1601991980659
0.5436915157919
#frame: 33
0.9702196161178
0.3870333434825
-0.03425469801738
-0.8559996515519
-0.06762269052759
1.34437029038
1.200673266162
0.8958056874628
0.2069536992529
0.326207551254
#frame: 34
0.5162943249234
0.2096264485907
0.4868792065127
-1.110977749113
-0.2026671306074
1.524491244121
1.232165771045
0.9358456423429
0.1971269234032
0.4409705398209
#frame: 35
0.07268183354553
0.2937011019964
-0.05252095790718
-1.03386591547
-0.3659229308011
1.242215076807
1.174075557638
0.9852625607494
0.3230958981914
0.7908855249475
#frame: 36
0.3608261813048
0.8764038673425
0.02170552356211
-0.7760082505587
0.1088013726255
1.211864829803
0.9998066593986
0.9579225159027
0.2360323277452
0.7723401197213
#frame: 37
0.03302164791407
0.5266728398772
0.133091910577
-0.7232844294341
-0.3809914675456
0.7588663936334
1.667883093578
0.8833174115271
0.1027792309164
0.4604079546422
#frame: 38
-0.1603606110628
0.7106498124074
-0.06728143948863
-0.8015668023657
-0.1147451939716
1.074240802303
1.395140878044
0.7624743780902
0.6004619244732
0.3835224165224
#frame: 39
0.1886289434854
0.8419643225506
-0.01716026720243
-0.9673311155758
-0.1487159147504
0.7699367289836
0.9101791833417
0.965630171486
0.05164080093924
1.332933055793
#frame: 40
0.009406371508077
0.578035608259
0.5375431428555
-1.016267633043
-0.9278491291173
1.038249610876
0.8734781405186
0.6714385482099
0.4444339870346
0.7632589962456
#frame: 41
-0.4233975488358
0.7753552850024
0.5688343784392
-0.9871973710307
-0.1760754963615
1.076716369841
0.8685588469112
0.4624692406313
1.010184928524
0.7916674768194
#frame: 42
-0.5963472275353
0.4984054339565
0.6503455721622
-1.347612095694
-0.4903102756648
1.232415098687
1.098317905334
0.8351692589061
0.1765487121207
1.268021017895
#frame: 43
-0.5145661719825
0.9684856883822
0.5113682610584
-1.128694042663
-0.1881753807017
1.136833104644
1.223602515832
0.5229077976664
0.6414941757558
1.219202877855
#frame: 44
-0.7388234264259
1.095827040726
0.6268742321136
-1.30408645968
-0.09052416655893
0.7808413401049
1.364066363435
-0.07323555456884
0.8853015536918
1.205013554492
#frame: 45
-1.635847942804
1.466994869809
0.6629109119607
-1.046113574046
-0.6563009853545
1.605396768179
1.327856733166
-0.02097744541354
0.8528002058423
0.8946570878293
#frame: 46
-1.26490585194
1.350879004289
0.6481822432329
-0.9754619459751
-0.01100869219413
1.135063862853
0.9398186081144
0.728766476084
0.8689124611961
0.9229641923171
#frame: 47
-0.8799612106638
0.9525921969987
0.4086641173344
-0.9720004529486
-0.5553915598903
1.077526523847
0.6163792247647
0.501167596892
0.9043777302674
0.9267666553043
#frame: 48
-0.844603177208
0.6390683219346
0.9645449137912
-0.7321445068545
-1.143976437506
1.92822563222
1.733464679965
0.007104569774673
0.3167464792959
1.705300927878
#frame: 49
-0.8240990256066
0.7425306159453
0.4876571546448
-0.9185252294767
-0.1151229794166
1.572160806109
1.082789591039
0.834981863651
0.8388236767591
1.01214835988
#frame: 50
-0.8015833888319
0.4167617846365
0.7672582324388
-1.029839302383
-0.705771283047
1.066918940467
0.8812044948395
0.5625848276408
0.4495163081253
1.313375450741
#frame: 51
-0.01177023296581
0.5279107327986
0.4078028034354
-0.6678993229468
-0.225036833148
1.524050542118
0.9199926652046
0.8020403792533
0.2794981884262
1.414503967277
#frame: 52
-0.7122586900783
0.6972334930581
0.6673973535841
-0.4836949143728
-0.5207083231115
1.412441906261
0.6919143799139
1.022463833438
0.3957251307308
1.097968307999
#frame: 53
-0.5299172473911
-0.1847839862605
1.030482950878
-0.7285912482019
-0.7090815808722
1.505948189349
0.7365532466174
0.8901992875556
0.3379060695569
1.339287885211
#frame: 54
0.2246121943959
0.2628270188894
0.575177038656
-0.4874424074082
0.06674754565752
1.201290515543
0.6678469309709
1.067377605352
0.2645168870892
0.78734765375
#frame: 55
-0.7151994135831
0.3358762372938
0.7871004832083
-0.2733764938291
-0.5696207816586
1.35262761379
0.6647354063915
0.7097475308933
0.4209190827329
1.284424797385
#frame: 56
-1.400065874587
0.943392865657
0.4115519408638
-0.5433484669766
-0.3919262463441
1.087769762244
1.31669273813
0.7311153515143
0.3715728051896
1.290182499541
#frame: 57
-0.4917902974045
0.5685115033483
0.5936038480997
-0.2946701599492
-0.4444442011812
1.429583933395
0.7135096197011
0.7978190771518
0.3170243174421
1.455240316269
#frame: 58
-0.491617818914
-0.00442846896317
1.061325225802
-0.6875113189405
-0.8195848327221
1.087444858163
0.7524637593494
0.6557093468128
0.3175212249226
1.302710321988
#frame: 59
-1.587271428048
1.13543505145
0.7776713477333
-0.8951641820017
-0.1402785538155
1.313486626897
1.211493136008
0.4392714370723
0.8259969919555
0.9346621694497
#frame: 60
-0.9161591212078
0.2136806121417
1.113973093726
-0.6714403043726
-0.1035944102918
1.416607075535
0.6912609719625
0.8797253599582
0.6486260943229
1.310087146819
#frame: 61
-1.176535964651
0.4109185828253
0.7454266855309
-0.8317050093214
-0.5232432553254
1.261830570335
0.7960305451529
0.6646679408033
0.2524982779665
1.370140057848
#frame: 62
-1.788902970123
1.316621916747
1.17698444572
-1.262384237678
-0.1409296747216
1.579270547031
0.7848334508018
0.5758321336968
0.555616248312
1.013102880409
#frame: 63
-0.7150029590371
0.09062346656017
1.162906371388
-0.7711627761383
-0.3761145234844
1.242897360437
0.8924609485455
0.926158266619
0.1712503198085
1.27892772455
#frame: 64
-1.508344640636
0.8412969047026
1.031252132522
-1.172090284427
-0.5405614805586
1.225804130152
0.8181412133145
0.556914553273
0.3607612490179
1.468225887256
#frame: 65
-1.313431656778
1.13943327611
0.9707726981607
-1.021293331785
-0.2403622536073
1.210961785641
0.5990997081349
0.5945345979493
0.3338215553918
1.064932328894
#frame: 66
-0.4643980241701
-0.2493640947333
0.9581273155709
-0.6256157011091
-0.7031555415409
1.557743639239
0.9430688777014
0.9660934233123
-0.1321525812982
1.215868602057
#frame: 67
-1.636569805305
0.6082900284787
1.176610676121
-1.180170879932
-0.3254220269241
1.776658678953
0.8091362659374
0.5884613419449
0.4515647334455
1.20001415774
#frame: 68
-1.883032322316
1.105007387663
1.017632118042
-1.14341646624
-0.368595218271
1.492045642751
0.6940928810156
0.582020393428
0.2488075794809
1.048850119185
#frame: 69
-2.540460008491
1.600972833683
1.289427007318
-1.36972815783
-0.3839791914383
1.567859318264
1.41048632442
0.5332471546632
0.1663394516464
1.067721986144
#frame: 70
-2.204117637492
0.854271394718
1.21963919645
-1.260472732127
-0.04973806896567
1.655460415729
0.54908074133
1.169533523574
0.2795800072832
1.142190999704
#frame: 71
-2.760447505761
1.232335624801
1.66632222242
-1.810249337499
-0.4824343246845
1.741752942725
0.4382479474912
1.067311959909
0.3139041657559
0.972344610699
#frame: 72
-2.380771838841
1.574385536574
1.600882199791
-1.257825937045
-0.02933456933274
1.538809215992
0.4970936171016
1.10672074012
-0.03596362654924
0.9875301749188
#frame: 73
-2.947731853613
1.412378847251
0.9965039560988
-0.5024515362508
-0.3868223422644
1.378237413886
1.128503219826
0.6207225396569
0.4900603939599
0.7939167940196
#frame: 74
-3.429234302611
1.445266029327
1.26006926497
-1.269303672207
-0.4346740914677
1.964107775466
0.6350646492729
1.095487028916
0.08642458270693
1.145854319398
#frame: 75
-2.476408823671
1.094538808763
1.890310547735
-1.056676598245
-0.2379820245276
1.96944321645
0.7957892751366
0.7254790225103
0.2786817113422
1.049061270996
#frame: 76
-2.376223017398
0.6387306639445
2.013336989607
-1.239993509438
-0.2557903129503
1.692810470479
0.07138318157614
1.229899263509
-0.08367005627041
0.6867647768319
#frame: 77
-3.394708417575
0.8874089893843
2.242185234895
-1.758426469454
-0.3800981173679
2.470895774527
0.4913175578377
1.497086242037
0.2977401124253
0.7175660786247
#frame: 78
-2.653304794325
0.699165677736
1.766973294048
-0.7961608549491
-0.2532728251809
1.788130195199
0.8267941365426
1.542678770412
0.3210828633538
0.9348590800093
#frame: 79
-2.51761515225
0.8267817701438
1.794467316928
-0.9793584588363
-0.9413545837961
1.928010665234
0.3667727667414
1.007814558649
-0.01650856301083
1.14376568528
#frame: 80
-2.511156086318
0.8685012171903
1.737287364793
-0.7446012339249
-0.3076586748184
1.899064648989
0.6156416754046
1.315760572872
0.2329870506342
0.5373360818861
#frame: 81
-2.757500909796
0.5886038717149
2.046426794322
-0.6315575536872
-0.6785492850605
2.27807722939
0.8847945722255
0.8770227926676
0.1846861918988
1.327123950262
#frame: 82
-2.706938689541
0.8159008809945
1.455368644145
-0.5841370816152
-0.9410788061219
1.754368466227
0.4726198393181
0.7716330138896
0.01168616424407
1.076242099274
#frame: 83
-1.946294106944
0.5548216009103
1.630364251155
-0.1361598380312
-0.2447626560804
1.502299308428
0.9556606217593
0.8403451839674
-0.1398022503069
0.9353040339847
#frame: 84
-2.133357249561
0.03179180677517
1.94516204351
-0.4341978848283
-0.2992053217963
1.497103113925
0.9133907610643
1.399709303004
-0.1666586077498
1.045711074648
#frame: 85
-2.955396298682
0.6668509637232
1.564428373594
-0.5337299330237
-0.8581370680572
1.258038065982
0.757202549994
0.7882564947582
0.2132033040157
0.954110788405
#frame: 86
-2.777349707983
1.292558818929
1.577977074054
-0.288261837769
-0.4968363670538
1.51878980546
1.144028657091
0.5977173381496
0.1162772747622
1.067693149857
#frame: 87
-2.904461158984
0.5638777725094
1.811783344716
-0.1563311533409
-0.9323536710336
1.456904462538
1.279884686627
0.8398358892812
0.1220700633985
0.8835615963251
#frame: 88
-3.19560554165
0.8068234979128
1.605037252719
-0.6368948191216
-1.077387270957
1.919934472039
1.015727497743
0.5304522793231
0.3377946239348
1.04372588026
#frame: 89
-2.516031407006
0.8366475896535
1.433287409714
-0.5102763900006
-0.3831728006779
1.581483528511
1.106011728579
0.9495364781179
0.4352753973288
0.9114751796608
#frame: 90
-3.088361594955
0.2545057505036
2.468484250787
-0.6973542652169
-1.089138512606
2.205712819525
1.056717845391
0.6211317299448
0.2284020632035
1.164375085975
#frame: 91
-3.475022166915
0.7048702577462
1.663513640633
-0.7075128485295
-0.3290117083049
1.580689645099
1.462022985884
0.8324395525541
0.4466897949659
0.6370784377319
#frame: 92
-3.048911725616
1.038746148167
1.608804274061
-0.5997966283116
-0.5131154224925
1.394380838362
1.296124395934
0.9974015002464
0.377349444929
0.94690315147
#frame: 93
-3.289723583153
0.7513500091914
2.260540643516
-0.631282681889
-1.326323178671
1.756287334575
1.283691433308
0.34083746486
0.2334066861413
0.8523231075868
#frame: 94
-3.447762582308
1.013302750091
1.649015944029
-0.1241231487115
-0.7844033240852
1.52496651675
0.9851899147262
1.144082530384
0.2633931717668
0.7670953298782
#frame: 95
-2.895645789127
0.79150396268
1.55592441435
-0.2324786046702
-0.997983492543
1.686788610577
0.7660192389599
0.7415187005853
0.3837980777581
1.112518355608
#frame: 96
-3.349019879372
1.262926238004
1.8090471856
-0.5628680794081
-1.424526256833
1.667212851336
0.9230149890326
0.4350398457887
-0.07786046518067
1.337062589115
#frame: 97
-3.07429105665
0.8589079807984
2.015471317973
-0.1422848927078
-1.482032954219
2.046980870906
0.9601250056351
0.6867952839231
-0.01539547161159
1.250275231022
#frame: 98
-2.712543479004
0.6706906477504
1.339581882525
-0.4584316408346
-0.861992324238
1.651376130608
1.11427404547
0.6922782001966
0.2341120763377
1.051850010735
#frame: 99
-3.074269435665
0.8850168706976
2.017876883305
-0.7676530878774
-0.8533085524058
1.747522898184
0.9775857165576
0.5178456473215
0.4033523930152
0.7714600406035
#frame: 100
-3.054377279876
0.7210971168779
2.065347622223
-0.6986571980704
-0.7520709626876
1.579924794831
0.9789997795975
0.9236533303728
0.05393724376037
0.840862531501
#frame: 101
-3.26333718716
0.6782598484118
1.729966092009
-0.6785851686004
-1.009464507054
1.837576523794
1.126162327792
1.266872378003
0.2233737681098
0.8934600368569
#frame: 102
-3.354122401753
1.303247822365
1.718398962127
-0.7028822893121
-0.8413740468358
1.619016520058
1.173793701367
1.151438725014
0.1056638111981
1.104085971599
#frame: 103
-3.344230712233
1.221700506634
1.557592335584
-0.7230739272225
-0.843571913357
1.444311856712
0.8649035960869
1.112297548683
-0.0002366078192639
0.9083998267862
#frame: 104
-3.310466334667
0.9545529905173
2.016893111795
-0.5528220705548
-1.033704958383
1.829661233578
0.8962008728928
1.370189171267
-0.3598889443233
0.9966861319227
#frame: 105
-3.017461624615
1.069098677933
1.894498697839
-0.5707381036692
-0.8686094721968
1.373039321257
1.211018383946
1.353033990304
0.02873016253331
1.082357486111
#frame: 106
-3.198287799382
0.9944679757306
1.605027462445
-0.7877534487509
-1.200102173372
1.573185173306
0.9091062107402
1.105014512889
-0.1284475224013
1.095171082009
#frame: 107
-3.077199610787
1.225729150993
1.82488543803
-0.3483772549259
-0.5573267167043
1.438115899344
0.8771065042383
1.099397977515
-0.1729665356186
0.8062112245256
#frame: 108
-3.043379936466
0.8723887640903
1.579300629432
-0.5801330869908
-0.3248575146357
1.828044145018
0.9965809784334
0.9778518536762
0.1584519168762
1.173637541327
#frame: 109
-3.011404213432
0.7585320028199
1.655609484762
-0.9530829731031
-0.7792811925572
1.431837410579
0.8716931632122
0.5568234136687
0.3342142918072
1.145377086913
#frame: 110
-3.131608443987
1.20657735934
1.78159850886
-0.2385736335746
-0.3826957887273
1.43419691655
0.6969465349818
1.094224985548
0.2563912825732
1.051289624789
#frame: 111
-2.738049795761
0.5119309893729
1.785124894216
-0.2243210281274
-0.8465365238494
1.727863260064
1.258905438213
1.028783835267
0.0113100987086
1.321824042562
#frame: 112
-2.741109639676
0.168427192257
1.73910549568
-0.3702218900779
-0.9899470305475
1.680237392515
0.6270478026743
0.8226420012535
0.2166874461979
1.45008659205
#frame: 113
-2.259707272675
0.3127329015506
1.54160860157
0.008025839887071
-0.2811318838422
1.594669617744
0.8175908667114
1.236459343217
0.2077790729842
1.325211397734
#frame: 114
-3.547670764617
1.149286908136
1.735339654418
-0.2266092609305
-0.4870964628237
1.572106929017
0.678842795657
1.080928179423
0.001893752246263
1.393384028164
#frame: 115
-3.751004124779
0.9522250731962
1.595210833628
-0.1522038031902
-0.4724266300561
1.441262532169
0.5093558174993
1.025071712531
0.7901996053004
1.025706494333
#frame: 116
-3.256616516415
1.262910192947
1.99682900259
-0.5628400145821
-0.4377364302976
1.854424677354
0.627441218305
0.7762058601411
0.7283832395395
1.164159417501
#frame: 117
-3.638796138319
1.229683273605
1.915841564864
-0.3119308177846
-0.6595980843048
1.667021577147
0.4376558375447
0.5271446687326
0.1729315623335
1.385209979498
#frame: 118
-3.891369002884
1.285971360613
1.928637335442
-0.2781267508786
-0.1632127500925
1.572328228209
0.4704471910536
0.699400279877
0.708338747352
0.8846964956873
#frame: 119
-3.721277849891
1.453571355137
1.71954311882
-0.3573688813878
-0.03622932753984
1.871223964089
0.3904853156861
0.8451422690921
0.5723489757788
0.851240064088
#frame: 120
-4.001488550762
0.9636703131928
1.98779797477
-0.3385194782074
-0.463248624363
1.174138837995
0.5267600771748
0.3460147594581
0.5038522558181
1.230702137075
#frame: 121
-3.84681656603
1.228061239484
1.954966780396
-0.6651901635285
0.05359255635089
1.819432641536
0.3542326284136
1.015872036135
0.3120507499689
1.088217054566
#frame: 122
-4.004553630693
0.9274681193465
1.551131520277
-0.1001311463295
-0.2756732041561
1.729156183109
1.007864349345
1.010700933933
0.6169914935249
1.071186127797
#frame: 123
-4.133519876527
0.991115440382
1.60779465101
-0.9765357287827
0.0154645324772
1.64300347483
0.6153709517576
0.6050974765077
0.5277263808318
1.030280790975
#frame: 124
-3.986787875307
1.32073884998
1.812710447459
-0.5306539236941
-0.09190133858151
1.740567338653
0.589594453969
0.7705707820124
0.6533199206698
0.6778736657728
#frame: 125
-3.554499338992
0.6714048563764
1.572846326895
-0.210586078121
0.03020459415041
1.619296085226
0.3558647270088
0.8707959308831
0.4301401439073
1.128311620738
#frame: 126
-3.604605551586
0.6295216871857
1.695767168181
-0.5461178678331
-0.2691318849753
1.387062915155
0.6279454165864
0.9349478240295
0.2745298954236
1.15017998185
#frame: 127
-3.713682946611
1.132942430154
2.192147028402
-0.7469451381461
-0.504539618942
1.950403132601
0.3729382566209
0.4243222248606
0.5100867388488
1.014321008651
#frame: 128
-3.234185232852
0.5339955538311
1.722649314489
-0.2192830965264
-0.4937734662239
1.566234025
0.4428573474237
0.536945566668
0.4837497947879
0.8497368338036
#frame: 129
-3.601777481946
1.027162516796
1.368678622276
-0.4120914824583
-0.5516281147897
1.67051489255
0.9172421293752
0.5455062462259
0.4335154890447
1.048003200996
#frame: 130
-3.992834828116
1.389456958396
1.575667035472
-0.5598138963916
-0.3884947730103
1.671779719971
0.7225783573426
0.3762716060709
0.4101207905905
1.018907021319
#frame: 131
-4.439748947103
1.33346019113
1.780959348541
-0.5701400642852
0.1137828603588
1.656843240382
0.5501083789913
0.5784025077882
0.4558824771791
0.7560372386412
#frame: 132
-2.983224041171
-0.3224020554143
2.004022720564
-0.3954086480184
-0.2260552639428
2.096319784688
0.9276490833107
0.6674099052691
0.3122259102244
1.148553293454
#frame: 133
-3.842424297137
0.8993381712687
1.53775749132
-0.3528474148938
-0.4098988099458
1.467480481846
1.0285004102
0.8335013283871
0.1580975845458
1.247094287459
#frame: 134
-3.959091263058
1.499934022934
1.711182686559
-0.200289509906
-0.3814222404222
1.24300601048
0.8441296309661
0.5580634516441
0.6784384777205
0.9789626507352
#frame: 135
-3.792646955675
0.9907980159977
1.407688530038
-0.04974648102105
-0.3022286851667
1.275064642844
0.8577835970133
0.7801489226205
0.4772977702419
0.8692334041717
#frame: 136
-4.548546052013
1.474763999846
1.59082715405
-0.5759643785708
-0.5013167956375
1.467574560536
1.028902619553
0.59771757199
0.3579514628251
1.029891812662
#frame: 137
-3.986186749829
1.81192814504
1.858874348827
-0.5241268695541
-0.1421477851888
1.631057524369
0.595651870258
0.6192059849048
0.1205314807838
0.9478623727268
#frame: 138
-4.381518430069
1.371032857541
2.099952184296
-0.9094656078636
-0.1779239597089
1.65696208398
0.6521818150359
0.4972855305228
0.3131920001828
0.8646816576123
#frame: 139
-4.608644804342
1.610870322211
1.646992535201
-0.8464570860304
-0.3973322749075
1.806204868698
0.999710349464
0.3986281775765
0.6255853016512
0.7934976858666
#frame: 140
-3.85100576053
1.581609580458
1.849841357744
-0.7415296210623
-0.008007804163322
1.627295053227
0.9134177306936
0.6803158084755
0.2962745600727
0.7766512238464
#frame: 141
-4.131106907454
1.053898287882
2.110850812841
-0.6798018156133
-0.4498060467357
1.751253884872
0.5070088686798
0.8123610810787
-0.07284992013105
1.014710346385
#frame: 142
-4.493995738325
1.458080914874
1.795712498527
-0.7314896708945
0.1698511302749
1.630929215302
0.5000600013683
1.099959959195
0.222726273021
0.7534581746693
#frame: 143
-4.131397484588
1.469126381505
2.066896959641
-0.7233023585647
-0.1673302079269
1.988314363773
0.5924063249408
1.291381821701
0.2206549831292
0.6577284429985
#frame: 144
-4.123134119828
1.285804812007
2.065203633942
-0.996505882356
-0.320718788633
1.91718222793
0.3932032844759
0.5848946153525
-0.03137922897043
0.9146927802065
