# Generated with: Aquila v. 2.5.3
# Original wave file: tmp.wav
# Audio sampling frequency: ?????
# Frame length: 20
# Frames count: 145
# Parameters type: MFCC
# Parameters per frame: 10
# Save timestamp: 1335785245
#frame: 0
-11.52565896713
-0.8269514165719
2.115087372674
1.719324240213
1.840613807703
1.616728075388
1.430727512599
1.033813970829
0.3849778200111
0.2162450007713
#frame: 1
-12.1242517029
-0.5596207695982
2.842981819842
1.44049093038
1.604758363432
1.10074266168
1.416367699297
1.554277612401
0.7902739672628
0.8631819971815
#frame: 2
-12.33278947486
-0.7252625212433
2.179255313743
1.32213651822
1.223712826357
1.543795063775
1.487041678649
1.215391277807
0.6549009056955
0.6873078760916
#frame: 3
-11.63129690097
-0.5753897869732
2.85284182078
1.805264876715
1.567476039053
1.512979999639
1.025124493611
1.231735583709
0.07899214942662
0.1720791641652
#frame: 4
-11.89711578545
-0.5818997950375
2.751554367267
1.20042551409
1.263800740667
1.4615423251
1.295693789945
1.312974678455
0.6836558624759
0.7263685940056
#frame: 5
-11.8888810247
-1.080796205765
2.487235558026
1.165692765464
1.311434904041
1.545598123198
1.368740405833
1.336312449752
0.4790711466929
0.4105165088288
#frame: 6
-11.31722423837
-0.7513035954143
2.097132313969
1.497844032406
1.965905297135
1.524088613533
1.153911997496
0.8701639645436
0.366765932728
0.2090853597887
#frame: 7
-12.27609069934
-0.05430713557173
2.786270661113
1.602588164455
1.165558688156
1.192551946705
1.126278464568
1.196012263878
0.521963713713
0.601212312726
#frame: 8
-12.30763871919
-0.6931945084946
2.699154662232
0.8296488352965
1.905452453284
1.347451507193
1.267544921166
0.8383955508189
0.215688691411
0.6378457920409
#frame: 9
-11.46658321473
-0.7002194936334
2.376465940336
1.404280940035
1.627610253252
1.65224972601
1.646678681046
0.9378489397701
0.1495295210315
0.2014718485495
#frame: 10
-11.95110977522
-0.4394152883958
2.664861421182
1.247596934061
1.488418791508
1.148065404107
1.576313902134
1.311320440117
0.3830157095235
0.5633848095545
#frame: 11
-11.41834544285
-1.418025133847
2.416452431545
1.009011140055
1.418908807631
1.529747662211
1.421731705852
1.247402992342
0.5138933632497
0.7728476298443
#frame: 12
-11.01518637546
-1.12358558811
2.455492103337
1.56025901586
1.586781948498
2.104828761159
1.468242372353
1.10305704292
-0.2156224696529
0.7545206769111
#frame: 13
-11.43774497242
-0.7180825914674
2.812505725575
0.9420806596434
0.8744136973117
1.874590297574
1.202820775762
1.337918702952
0.08279479965381
1.022586172646
#frame: 14
-11.55615241674
-1.743685678374
3.104647971238
0.7149125235005
1.274310640366
1.576125297971
1.402071954459
1.646461155427
-0.2597592645158
1.165804292785
#frame: 15
-10.66809942007
-1.227758183322
2.722641181097
1.670260461316
1.538861471312
1.894730564497
1.018353867144
1.141687429044
-0.2930929900262
0.7166550397736
#frame: 16
-11.97515999703
-0.8052805020768
3.318464781948
0.9774096404171
1.705117750369
1.372311193749
0.8484938258893
1.911269678606
0.1632147652447
0.8902847226883
#frame: 17
-11.66626231159
-1.251023838184
2.892189999704
1.033592009447
1.4742932692
1.588426604398
0.9632378637432
1.364212500287
-0.1006695886417
0.7710239476787
#frame: 18
-11.09496109977
-1.228573370862
3.122113008827
1.273052981575
1.295998819556
1.70788214159
1.136303906821
1.509831622453
-0.4768895973422
0.5843808796435
#frame: 19
-11.23156821042
-0.7883995449578
3.351049813049
0.5104181480024
1.135247978398
1.404146295042
1.304037993096
1.35091577685
-0.2666524931103
1.335390451731
#frame: 20
-11.71314920331
-1.135297516063
2.781050571005
1.120895133349
1.166241292214
1.434095831172
1.322479871511
1.577845642779
0.02296700966373
0.4422349610483
#frame: 21
-11.39898452453
-0.6446741143909
3.078876793922
1.132545541108
1.793966926104
1.833668619726
0.8958205899666
1.376906781263
-0.2751696382695
0.7482347800088
#frame: 22
-11.53787690871
-0.9916153580607
2.461403373707
1.082224034542
1.576627444779
1.316496192857
1.32114924101
2.158425859923
0.2461755266068
0.7733831855659
#frame: 23
-12.44558468599
-1.183174187609
2.733251905586
1.157751324345
2.039899079338
1.516774402448
1.049476854149
1.64030458003
0.1361387616485
0.8878198570173
#frame: 24
-11.19854973891
-0.811372555966
2.881628825081
1.301024285699
1.619096327474
1.412395371727
1.503946154992
0.9932028855855
0.01995136597156
0.6674565102676
#frame: 25
-11.72725005621
-0.6979533570014
3.095708708276
1.006586306836
1.338567368573
1.027567957523
1.144639897997
1.37305747553
0.239595963779
1.231533037548
#frame: 26
-12.09105664812
-0.8590095968227
2.707001229148
1.353634031447
1.380877556082
1.274207390215
1.039677981122
1.041489969865
0.2366408890353
1.473318884237
#frame: 27
-10.95181389761
-1.209762098663
3.141934279005
1.20392664909
1.561536693054
1.52436066061
1.112774628582
1.400310361602
-0.5644116691376
1.012093881958
#frame: 28
-11.12411918865
-1.122362158129
3.073447896287
0.9159047867544
1.864636888379
1.301290194711
0.7470544243059
1.235510794991
-0.3202679079377
1.171785586644
#frame: 29
-11.77218118114
-1.583783397808
2.995163437538
1.19695779693
2.23453275049
1.715797435899
1.078141080635
1.462981826985
-0.5391463647247
0.6581908171967
#frame: 30
-10.52788568139
-1.193019881567
2.667300474553
1.358269237414
1.472381974073
1.75322475005
1.127868539889
1.661505073696
-0.08029654054041
1.149678198027
#frame: 31
-11.33348634749
-0.7667906190508
2.82047893354
0.8623872721561
1.196663094205
1.205301392684
1.08951106438
1.721519066459
0.423413425986
0.9920477981238
#frame: 32
-12.46004869571
-0.8152877701081
2.777915040195
1.179700049959
2.107297592135
1.485781930773
1.031225314694
1.629256039572
-0.1221861362705
0.799181687118
#frame: 33
-10.96744575917
-0.9470264465366
2.876904565363
1.209257336905
1.552949008977
1.321480331684
1.561629955732
1.215418971019
0.3727797264508
0.7433858261805
#frame: 34
-11.08258808678
-0.7647912718716
2.719076460541
0.6239976385234
1.373717356351
0.933218254162
1.236950816541
1.601966892009
0.1893357916946
1.300985530374
#frame: 35
-11.97782744085
-1.093758791338
3.222303241611
0.8185197313591
1.994936175546
1.184829556677
0.9663434505042
1.378559599004
0.05110066648874
1.463698926686
#frame: 36
-10.92793310369
-0.7154867053981
2.616515533286
1.235047504158
1.64273516879
1.170316204219
1.21624139865
1.426778542082
-0.1390015231454
1.110233456119
#frame: 37
-11.58300359463
-1.005565088243
2.948404503906
1.30201478079
1.07162149608
1.202109458095
0.9438545999876
1.537270460487
0.1667535958796
1.160045582555
#frame: 38
-12.32648660723
-0.7778440728256
3.480050709759
1.107150239042
1.503476929762
1.600541904792
0.8832108628447
1.294974379279
-0.5151851174012
1.373599150429
#frame: 39
-11.58559757539
-0.6620403585077
3.778346888807
1.104690943142
1.048503810612
1.417010673019
0.951841036847
1.693211925428
-0.02315968627136
0.6639986920326
#frame: 40
-11.8717073388
-0.8552514077871
3.064467468406
0.6890287875322
0.6599281427231
1.715111909667
1.488179340208
1.596236405405
0.336160318228
0.7076153208753
#frame: 41
-11.90236942956
-1.117316446121
3.025862541295
1.138963726346
1.881238412394
1.839893197212
0.9868782960194
1.508008813205
-0.09937640734663
0.3520496490615
#frame: 42
-11.1197225104
-0.7240680130163
2.826738375498
1.134962821718
1.310636175894
1.663479125795
0.9869361728497
1.431345953218
0.1044638989083
0.8638512978905
#frame: 43
-11.3244403087
-1.190823391699
2.513005419291
0.9289087688057
0.5487606537973
1.868871708265
0.8524051689833
1.636845513987
0.6836730675535
0.8016982862039
#frame: 44
-11.87826846027
-1.083775787805
3.127934741425
1.494395953876
1.357735011097
1.444795971742
1.526124716658
0.7756604552147
0.3807162104122
0.5272816805247
#frame: 45
-11.32841793168
-1.240543918595
3.588691605164
1.378140576747
0.796646885277
1.306396625589
1.027820944509
1.432470069518
0.6051113951245
0.3880023666527
#frame: 46
-11.18178997537
-1.514026940349
3.061368439238
1.515359317143
1.134665758474
1.238827184482
0.8025554892767
1.14247940055
0.5725969804722
0.5497582874847
#frame: 47
-11.33564193186
-0.6012204063397
2.807044445329
1.607464507082
1.779406043362
1.44069298564
0.5825393475546
1.310365205297
0.02774117943139
0.5447553152175
#frame: 48
-11.27093382714
-0.7074346374547
2.747833439135
1.305717536584
1.359941314411
1.314098680439
0.793621275223
1.512935025999
0.7525697781654
0.8215457663862
#frame: 49
-11.22569646736
-1.165532044587
2.211219321436
1.445060161895
1.316453386914
1.536153652597
1.101910803263
1.160740144069
0.2508181784439
0.747045586533
#frame: 50
-11.22748551658
-0.9078286885341
2.626446105645
1.405621369925
1.700956847559
1.599119076962
1.281525864299
1.070960538535
-0.005832880179082
0.3044420452233
#frame: 51
-11.16282142335
-0.7849034828723
3.279210250904
1.201789216817
1.174357876718
1.654065278571
1.317403307149
1.171512125948
0.3250287724269
0.2969556823315
#frame: 52
-11.35160515792
-1.168964981901
2.837184344787
1.031984760325
1.213716744199
1.349907860017
1.441804691882
1.147109358105
0.2435109066035
0.5939422314359
#frame: 53
-10.53004663752
-0.7347182410329
2.641015823447
0.8959802843158
1.293157631485
1.54852073221
1.449494482759
0.9354064041223
-0.05635408926256
0.4925033445344
#frame: 54
-11.18279839203
0.02784305843967
3.467011408306
1.185756064056
0.8563991683923
0.9907318806616
1.104626116249
1.19743962148
0.1331788987351
0.5563585846169
#frame: 55
-11.24535775644
-1.00026469163
2.725676231876
0.9538999237102
0.9458529333924
1.41129509225
0.9329369002974
1.16004464274
0.5830273185725
1.089686846355
#frame: 56
-11.25511076186
-0.9040564805954
3.041023688297
1.362239223286
1.393909972544
1.146312513925
1.548675174614
1.189257025724
-0.05439725414322
0.6566537135859
#frame: 57
-10.87393688709
-0.2547356561954
3.236234754195
0.8211530896824
1.589742748479
1.081547817944
1.120794336681
0.9217122085494
-0.03251795777929
0.6232423518697
#frame: 58
-11.39080247251
-0.5441648237811
2.246569929142
1.48109979348
1.499969246427
1.334802136258
1.491747323151
0.473327388613
0.2111626146562
0.2635807748509
#frame: 59
-11.16440464789
-0.7104492577051
2.524654096927
1.180819187125
1.741244513973
1.77650939131
1.341374240887
0.7418927537282
-0.1668008378677
0.5249132401985
#frame: 60
-11.51476112811
-0.4039548896421
2.996622989144
1.736841239572
1.20794683001
1.146874014611
1.235566176225
0.546141174162
0.1775412859566
0.6066538748577
#frame: 61
-11.72834728527
-0.6753488454973
2.952337420587
1.227877940479
1.347288678845
1.377660387095
1.239994959931
0.4413124291072
-0.2550851051666
1.083424713668
#frame: 62
-11.55896708989
-1.10748092827
2.417509118044
1.152041938995
1.279350898075
1.248053891259
2.297717898843
1.229956022093
0.5211968543112
0.986360124796
#frame: 63
-11.58352662089
0.07116081145583
2.88778134171
0.375545385189
1.555259469188
1.121960174603
1.770647705355
1.283785317535
0.03099671738947
0.9689276845916
#frame: 64
-11.75101627641
-0.7006406973004
2.437819826516
1.192569977275
1.079787730143
1.427557179135
1.430399313624
1.017935339119
0.3985532849018
0.6858415365141
#frame: 65
-11.28904765609
-0.8321667976191
2.247443722528
1.358280331059
1.760514076108
1.305812087475
1.565108524789
0.8212859328618
0.2308029757771
1.149229266811
#frame: 66
-11.71918688604
-0.2984041362428
3.101122681854
1.227633050267
1.153336650368
0.8626292691768
1.324394265675
1.201946905154
0.6212815498657
0.5912728179669
#frame: 67
-11.79231674728
-0.7088464774749
2.107849074991
1.265308886296
1.324579381492
1.198316712266
1.790341324201
1.022070001887
0.4678388184951
0.6729412020804
#frame: 68
-11.24647807965
-0.8922321814709
2.492335367546
1.704339071373
1.263806294635
1.645405163803
1.764770719087
0.8410056794225
0.2452591264053
0.8296263789454
#frame: 69
-11.86657516209
-0.6707907048437
2.967835199315
1.274949712628
1.571125066228
1.024302077414
1.423270898752
1.228222856844
0.2083848476937
0.8905654654616
#frame: 70
-12.08876131389
-1.230314426319
2.364792371827
1.249568775051
1.900501130072
1.385429244689
1.183014771634
0.5973767702773
0.3297972490537
0.8457337590234
#frame: 71
-11.02708568407
-0.6534479632593
2.510626972021
1.132028735182
1.829879055336
1.254744182369
1.488196890582
1.19627451286
-0.1994650390885
0.7346935634875
#frame: 72
-11.36123123515
-0.5266346394977
2.317251349343
0.6839131808444
1.32655968813
1.424410750603
1.619964757278
1.034225933939
0.3695661590349
1.155681663828
#frame: 73
-12.12716611119
-1.241559633707
2.356467708159
1.224003313364
1.646661826996
1.705135290411
1.59652418951
1.13085907273
0.22484765936
0.6872452397734
#frame: 74
-10.97550591132
-0.7024821502774
2.578150762853
1.41319838164
1.551011870391
1.474323099696
1.275715757423
1.195291564678
-0.1081540996865
0.7402768896713
#frame: 75
-11.25589487214
-0.6008552297811
2.96739374124
1.136092867905
1.134218766742
0.9743921188352
1.124657828808
1.563128860763
0.3379736446695
0.5936562084031
#frame: 76
-12.36524754696
-1.174310218055
3.071293059761
1.589550705068
1.90996272914
1.257774377929
0.9494278037354
1.322305495845
0.3053099139558
0.7510334301626
#frame: 77
-11.30451117207
-0.7573604003073
2.613904633007
1.788140096123
1.459653316328
1.322744197284
1.3212853348
1.213482368849
0.2270557550214
0.7027544309196
#frame: 78
-11.53835569936
-0.5906146763991
2.956813400538
1.514984528368
0.9177539709594
1.343263833029
1.243962443789
0.9276897935785
0.2512509670142
0.5731155702298
#frame: 79
-11.88071292585
-1.507552711118
2.679672043711
1.622149943862
1.67763891014
1.694200656812
1.112330037148
1.116599700013
0.6839383298395
0.03601468521337
#frame: 80
-11.23387943634
-0.9850035275995
2.696119183988
1.721845672715
1.600459613182
1.476569968288
1.187975278826
0.9452304127934
0.4447418171811
0.4620151257433
#frame: 81
-11.16904154196
-0.7529972443177
2.54300111697
1.003021303458
1.099054270764
1.062182783462
1.347452247877
0.770536229131
0.9403414761391
0.8053323469848
#frame: 82
-11.6590977479
-1.029307996331
2.630176818151
1.639423306613
1.74448795006
1.559045117361
1.070108539503
0.9206376986347
0.04907833753633
0.5605732525684
#frame: 83
-10.69042390873
-0.9528152341365
2.614398605056
1.65360496329
1.3750306919
1.578151401836
1.221506929801
0.9349578476022
0.5216691918402
-0.03071126666003
#frame: 84
-11.28134596673
-0.9227579512005
2.590876043369
1.337421206288
0.6789712568277
1.601291687385
1.120219272881
1.067556593166
0.8581055199587
0.9994906516546
#frame: 85
-11.5677333064
-1.187182988194
2.683861250484
1.609751011398
1.54583612672
1.392257028175
1.131221662339
0.880893175816
0.3996765178989
0.7583810066811
#frame: 86
-10.94661005676
-0.742957340863
2.960388197319
1.231084126849
1.281861367834
1.477607549259
1.664561217168
1.268483229429
-0.1740652087941
0.4420812198153
#frame: 87
-10.99044169559
-1.122603763672
2.804855891248
1.414688125055
0.9783311754188
1.164224313572
1.596477875107
1.079279882401
0.5391711420492
0.5826541238261
#frame: 88
-11.93493838051
-1.123523790884
2.951408587542
1.377671994841
1.578633683905
1.266219702306
1.21550098112
1.165945071145
0.3914317443473
0.4596076158445
#frame: 89
-11.16773480805
-1.051133301123
3.266883295545
1.192256935608
1.406255250384
1.440919666446
1.300822354921
1.227398562062
-0.1222618172655
0.6378099248738
#frame: 90
-11.6664905922
-1.186127936943
2.811175165556
1.108213746152
1.619560547726
0.8681113314262
1.240654762448
1.268716116445
0.5289876436984
0.9151218051905
#frame: 91
-12.52939565331
-0.5453236964816
3.338120374112
1.076732817592
2.213360481996
1.129598416933
1.250356858841
0.6645641571048
-4.537238521453e-05
0.5462842733396
#frame: 92
-11.09480419016
-0.7311098711924
2.733940894744
1.245223981688
1.491503479846
1.450538636242
1.189225791322
1.202473157775
0.2027810005226
0.703715558017
#frame: 93
-11.24336436337
-0.7036990819475
2.460551689282
0.8590089115779
1.236228958963
1.536461247386
1.37505135502
1.0870531662
0.07768242277535
1.161806871789
#frame: 94
-12.022586992
-0.4190590740193
2.97996526417
1.570824017725
1.647571986208
1.452622681649
1.190672016936
0.788800447222
-0.2243927234616
0.4876543574172
#frame: 95
-11.34773418575
-0.1948104085261
2.615700711441
1.146605033935
1.600533608292
0.937617128836
1.290877683376
1.09436107471
0.3416465484579
0.8456044668685
#frame: 96
-11.55106466533
-0.6055774733107
2.438061923062
1.037337264825
0.9242692382155
1.158415631212
0.9091202364125
1.775025043724
0.642693888249
0.5468302660321
#frame: 97
-12.0641873882
-0.6044346149689
3.141659754298
1.355901461392
1.751067477953
1.282090771502
1.174698453003
1.180871550742
0.09037016601528
0.3154117706123
#frame: 98
-11.33085506026
-0.6646248511545
2.863346198292
1.55234033359
1.023930927026
1.058717499629
1.200337224176
1.392966046154
0.601073528792
0.7717152528178
#frame: 99
-11.8204100694
-0.9058069865855
2.606191193242
1.546416907278
1.413653715083
1.137479439922
1.13146500127
1.100712561028
0.2439632699451
0.7452323607883
#frame: 100
-11.09032714649
-0.8498022221377
2.276860525143
1.638320265389
1.891948832439
1.447668033404
0.9287542865265
0.8888026391526
0.3036362706191
0.5442106011893
#frame: 101
-11.14648202655
-0.5316445636777
2.468857185411
1.500776021371
1.63167189701
1.612586809278
0.9095081901138
0.7766041802773
0.5071323789826
0.5532877452868
#frame: 102
-11.34109447259
-1.251645981754
2.349620245327
1.877247135857
1.616747869632
1.14085350462
0.8260884527771
0.9420474385163
0.9129459225414
0.2385556054441
#frame: 103
-11.52287556277
-0.9032496781292
2.175053063114
2.03047586633
1.709591917636
1.771507952679
1.025223525267
0.7800534769363
0.3532818722284
-0.03208476334194
#frame: 104
-11.38491075196
-0.7279302675186
2.670280603835
1.369122971669
1.474805989328
1.600763082352
1.164628279167
0.8002038259283
0.6556237473774
0.7297568680193
#frame: 105
-11.36175891229
-0.7603806935116
1.693038634246
1.412379759896
1.628695462061
1.363379990543
1.595725845117
0.6036356524892
0.5898216534675
0.4926197482076
#frame: 106
-11.36971994229
-0.7506344336009
2.625935944435
1.759522779852
1.899004305821
1.28976642032
0.8576460155951
0.5755207298952
0.7835947075576
0.7776491050936
#frame: 107
-11.19578850289
-0.6322468695209
2.496186865452
1.32628458377
1.352825048307
1.068716580309
0.9735582361485
1.110019365691
1.189880162801
1.187827699363
#frame: 108
-11.26304004986
-0.8563499607238
2.105036455961
1.446697668222
1.060913614629
1.41890385869
1.318923968111
0.9645959122768
0.8605258699851
0.7641126374563
#frame: 109
-10.99634163372
-0.7955247941559
2.612208439633
1.611107029654
1.544688986868
1.402845027037
1.032950119351
0.8586780175901
0.7003575336221
0.583069254912
#frame: 110
-10.83703380165
-0.7195212718529
2.235105300721
1.069410565852
1.238610485549
1.355045946169
1.359115175199
0.9118059285107
1.06408991875
1.034585628336
#frame: 111
-11.9931316884
-1.36965758883
2.403110116412
1.899783138744
1.992055544806
1.170034493404
0.7708602340685
1.019363923085
0.4899474632396
0.9559702363509
#frame: 112
-11.02358307681
-0.3701463559738
2.297810714415
1.42416635665
1.824483123626
1.534685290638
1.067242044384
0.9862748075505
0.207630880298
0.1516731869734
#frame: 113
-11.23156789441
-0.05883632519099
2.124241726596
1.282241794301
1.302453267483
1.422593472879
0.9856196844463
0.957521329058
1.055909901529
0.6698035281246
#frame: 114
-11.57527453143
-0.7575807961857
1.749723080508
1.159983443197
1.524170361308
1.722973090238
0.9741863847401
1.075616702624
0.7066646811519
0.7656988578156
#frame: 115
-11.30341733598
-0.2026045274138
2.149018544955
1.147467153664
1.634380681194
1.494333169686
1.20208551807
0.9465623699928
0.6652514375288
0.5620856492767
#frame: 116
-11.66538426339
-0.1342430574003
2.651699027218
0.6254073819056
1.053111219856
1.027967435863
1.523169431079
1.197121072539
0.8666517953065
0.6797925489665
#frame: 117
-11.62639997231
-1.097017378208
2.335245353358
1.044315347427
1.40027081638
1.035818331757
1.546863560145
1.099649009616
0.4361650372108
0.829851514697
#frame: 118
-11.28851174999
-0.7688717675115
2.344029195301
1.680680334379
1.837802729975
1.536268958922
0.9952594568923
0.7593076741593
0.4362141542157
0.7576338540184
#frame: 119
-11.70187197069
-0.5456343593393
2.946691939741
1.272082432128
1.247527184336
0.8187757537844
1.095948874486
1.329495154377
0.7810030285061
0.8849736562153
#frame: 120
-12.39798053747
-0.7132589643236
2.87217824664
1.168629594558
1.488386299433
1.265515055552
1.239823029012
1.150427754068
0.2314125723028
0.5280294578694
#frame: 121
-11.38660746018
-0.5028270171228
2.639539951208
1.58176048708
1.350688448148
1.501460413209
1.589838823796
0.7450970189533
0.4013641243705
0.2960550104274
#frame: 122
-11.48317566751
-0.8183155409616
2.58029719614
1.303103564927
1.093470155339
1.343131227392
1.155998855973
1.297241814266
0.6879689526589
1.086816767938
#frame: 123
-11.67924927618
-0.9902261267771
2.247098320056
1.697580613549
1.325866376069
1.16733061568
1.142222496946
0.9855839107557
0.568382650074
0.6855773290696
#frame: 124
-11.17159978449
-0.343621733493
2.355908852118
1.559297493056
1.40623285943
1.616194771003
1.339911374262
0.8659565332052
0.3799444364882
0.3061097113733
#frame: 125
-11.83556048367
-0.01549006722698
2.449248988562
0.7471128118307
0.98699095487
1.826557752701
1.372406322324
1.011842762369
0.635735690074
0.5625898245461
#frame: 126
-12.36665718216
-1.006894090824
2.59560552728
1.506020161112
1.730223827652
1.505870754415
0.9432577516208
1.096169859032
0.1328674235955
0.3858553057458
#frame: 127
-11.48946249509
-0.5445622029997
2.947320372201
1.39069745834
1.446474195611
1.494833461745
1.127497879914
0.8526624761311
0.4352630223722
0.277884302573
#frame: 128
-11.52108571412
-0.541702382168
2.887869043304
0.9927616093521
0.8445221829024
1.463007679551
1.104649442681
1.155852945056
0.9327771418519
0.6726384255538
#frame: 129
-12.63059414382
-1.077784231605
3.204490522104
2.131842973518
0.7484274776551
1.373886718356
1.16025303903
0.6096235576162
0.5879597262028
0.5812533071893
#frame: 130
-11.17016462272
-0.9232853032977
2.833950762468
2.045662576196
1.463162469039
1.485198211833
1.369374373656
1.028138416561
0.2259364224227
-0.2814868662486
#frame: 131
-10.99938375654
-1.279309219258
2.442533158557
2.046106050417
1.279407363664
1.786043619139
1.048960041779
0.6903881900782
0.7393993773865
0.6218998638359
#frame: 132
-12.49927476402
-1.03625210805
2.756685231973
1.590257695776
1.885639146255
1.201545751196
1.391843166147
1.099162883436
0.6844987851518
0.01606489078504
#frame: 133
-10.94754549431
-0.743092839367
2.194703287867
1.489787726406
1.644600479223
1.589986096793
1.536091303953
0.768771992337
0.4382403212196
0.3324939952308
#frame: 134
-11.67127334152
-0.9142371647013
2.59821192145
1.326110391214
1.46390830981
1.134158636702
1.037458528399
1.368460521926
1.324647401303
0.3354097621972
#frame: 135
-12.17768604174
-0.4350489669003
2.634985179076
1.162901501545
1.694935282546
1.401305516783
1.246859273583
0.9795980770707
0.3177559320545
0.2693461940276
#frame: 136
-11.49085887799
-0.6943328731928
2.859060659205
1.58272213773
1.267754776791
1.430477891229
1.036010300898
1.418861013197
0.5516178162615
0.3464893798989
#frame: 137
-11.44940813691
-0.3180224735949
2.240737277461
0.7394019460454
1.445858071014
0.9931717105913
1.188369372477
1.256370071439
0.756116561778
0.8366917877902
#frame: 138
-12.27278546067
-0.7813013541771
2.914161303738
1.256469378679
2.142443092451
1.334144365238
1.269475423762
0.7862205222573
0.3021134644351
0.2285125760923
#frame: 139
-11.26135994233
-0.736790737152
2.836436159258
1.599437004743
1.179065733225
1.442479369017
1.141663727445
1.157230262527
0.5901634280351
0.6551008460639
#frame: 140
-11.54138186386
-1.197275632944
2.580776906994
1.344560385426
1.344097175401
1.009151062448
1.373606975335
1.082423759644
0.4871613570361
0.8537904858314
#frame: 141
-11.95170516263
-0.8390316299343
2.901305421608
1.153638168336
1.764794329634
1.624485987237
1.030162200505
1.076466627226
0.4289716087778
0.6380844491672
#frame: 142
-11.1484829905
-1.029615175435
2.365842501018
1.304858542664
1.514837365783
1.536176847248
1.667914802585
1.400183609787
0.3896905215472
0.6437514584789
#frame: 143
-11.92005388378
-1.03391548834
2.569659071659
0.8430633252057
1.795887140134
1.389033406864
1.20201736466
1.310068564417
0.483588283888
1.006238891078
#frame: 144
-12.0500711005
-0.6242690382227
2.666325893328
1.496599630568
2.360629162628
1.631058440951
0.9953092196233
0.3606546382861
0.01601950724949
0.6425070703039
