wektorA.dat:
POCZ: 1.99259e-06 1.67826e-11 1.50192e-06 6.50017e-05 7.14712e-08 7.52867e-09 7.50445e-07 6.51992e-06 3.42616e-05 7.52718e-08 5.26669e-09 1.63792e-07 2.13768e-06 6.88447e-09 2.86906e-09 2.69651e-05 2.882e-10 4.8998e-09 4.69995e-11 2.45035e-05 2.67136e-17 1.18112e-06 4.25341e-05 5.78587e-08 6.55897e-06 2.59923e-10 0.000364577 2.80437e-05 1.48635e-05 1.79791e-07 6.99577e-06 4.62613e-05 9.6554e-05 4.8951e-07 5.48723e-05 2.92381e-07 
POCZ: 7.57415e-07 4.2289e-10 9.15858e-07 3.53922e-05 1.21386e-07 2.73897e-09 9.55781e-07 4.90133e-06 1.64261e-05 1.78945e-07 4.74439e-10 8.30741e-08 1.32778e-06 5.93783e-09 7.84715e-10 4.27186e-05 7.6683e-10 6.77876e-09 4.65125e-11 9.23404e-05 1.61899e-16 6.69312e-07 3.88063e-05 1.698e-08 6.63508e-06 7.96221e-10 0.000772618 4.55697e-05 4.76838e-06 5.20058e-07 1.7108e-05 0.0001429 0.000108014 8.89289e-08 9.64406e-05 2.36411e-07 
POCZ: 7.57282e-07 4.23086e-10 9.15928e-07 3.53818e-05 1.21395e-07 2.73842e-09 9.56099e-07 4.89804e-06 1.6425e-05 1.79018e-07 4.74302e-10 8.30815e-08 1.32776e-06 5.94012e-09 7.84489e-10 4.27273e-05 7.66721e-10 6.78006e-09 4.64999e-11 9.23034e-05 1.61924e-16 6.69467e-07 3.8819e-05 1.6978e-08 6.63465e-06 7.96458e-10 0.000772536 4.55824e-05 4.76925e-06 5.19979e-07 1.71058e-05 0.000142931 0.000108028 8.8926e-08 9.64351e-05 2.36492e-07 
POCZ: 7.57231e-07 4.23162e-10 9.15901e-07 3.53804e-05 1.21409e-07 2.73828e-09 9.56005e-07 4.89815e-06 1.64238e-05 1.79036e-07 4.7425e-10 8.308e-08 1.32776e-06 5.94125e-09 7.84396e-10 4.27319e-05 7.66636e-10 6.77898e-09 4.65031e-11 9.22853e-05 1.61938e-16 6.69389e-07 3.88255e-05 1.69775e-08 6.63462e-06 7.9625e-10 0.000772528 4.55826e-05 4.76895e-06 5.19942e-07 1.71058e-05 0.000142901 0.000108041 8.89185e-08 9.64306e-05 2.36504e-07 
POCZ: 7.57231e-07 4.23162e-10 9.15901e-07 3.53804e-05 1.21409e-07 2.73828e-09 9.56005e-07 4.89815e-06 1.64238e-05 1.79036e-07 4.7425e-10 8.308e-08 1.32776e-06 5.94125e-09 7.84396e-10 4.27319e-05 7.66636e-10 6.77898e-09 4.65031e-11 9.22853e-05 1.61938e-16 6.69389e-07 3.88255e-05 1.69775e-08 6.63462e-06 7.9625e-10 0.000772528 4.55826e-05 4.76895e-06 5.19942e-07 1.71058e-05 0.000142901 0.000108041 8.89185e-08 9.64306e-05 2.36504e-07 
wektorAi.dat:
POCZ: 1.69332e-10 0.000782282 1.38755e-07 1.07437e-06 1.63257e-06 2.75776e-11 3.40337e-08 0.000549987 4.11235e-07 1.58992e-05 5.62738e-12 3.97805e-08 9.91118e-08 3.22228e-07 5.66405e-12 0.00663187 1.07073e-09 1.45037e-12 3.11527e-11 5.1597e-08 2.21806e-10 4.95431e-10 0.0973031 1.21042e-10 2.48402e-07 5.07892e-06 6.31441e-05 5.70198e-05 1.81088e-06 3.82336e-13 3.79182e-05 3.59499e-05 0.0544406 8.37778e-07 8.43676e-06 2.45774e-06 
POCZ: 5.8252e-09 2.50348e-05 1.60851e-07 3.31955e-06 1.40667e-06 9.7038e-11 1.37101e-08 9.05906e-05 1.20234e-06 4.53966e-06 1.28723e-11 2.61835e-08 2.75849e-07 3.50597e-07 1.26561e-11 0.00217628 2.49445e-13 1.56291e-11 8.70673e-10 7.75067e-06 1.60244e-14 1.62183e-09 0.0299796 1.01913e-09 1.18568e-06 6.99865e-09 0.00020711 6.57448e-05 1.08146e-06 1.01392e-10 4.01405e-05 3.2831e-08 0.000770423 3.34733e-07 1.96747e-05 8.04735e-07 
POCZ: 5.8252e-09 2.50348e-05 1.60851e-07 3.31955e-06 1.40667e-06 9.7038e-11 1.37101e-08 9.05906e-05 1.20234e-06 4.53966e-06 1.28723e-11 2.61835e-08 2.75849e-07 3.50597e-07 1.26561e-11 0.00217628 2.49445e-13 1.56291e-11 8.70673e-10 7.75067e-06 1.60244e-14 1.62183e-09 0.0299796 1.01913e-09 1.18568e-06 6.99865e-09 0.00020711 6.57448e-05 1.08146e-06 1.01392e-10 4.01405e-05 3.2831e-08 0.000770423 3.34733e-07 1.96747e-05 8.04735e-07 
wektorB.dat:
POCZ: 1.23363e-06 3.99374e-13 4.9327e-06 0.000230352 3.77547e-08 2.48671e-06 4.23814e-07 2.88872e-06 0.000130484 9.00075e-08 2.51766e-09 5.3358e-08 6.31475e-06 2.32135e-09 1.12634e-08 4.22938e-05 4.06524e-10 3.63488e-09 1.47387e-10 2.61823e-07 2.57968e-17 1.67462e-05 5.51157e-05 3.67171e-08 6.41017e-06 2.12622e-10 0.000186154 2.45656e-05 1.66421e-06 8.08623e-09 2.65736e-06 9.15754e-06 3.24444e-05 1.36886e-06 5.11809e-05 2.87433e-06 
POCZ: 1.3617e-06 4.17786e-15 2.41929e-05 0.000994454 3.54302e-10 9.47512e-06 5.03122e-06 6.00865e-06 1.25424e-06 6.05134e-07 0.000579079 5.14695e-08 1.52135e-06 6.25438e-11 0.000200284 5.22844e-06 5.1847e-09 3.94039e-12 1.06526e-10 6.24215e-07 1.05665e-17 2.91629e-07 1.4127e-07 2.63515e-08 1.30213e-07 2.62498e-14 0.00101864 6.88167e-06 0.117126 1.04756e-06 6.86559e-07 5.49068e-05 4.33247e-05 4.02415e-10 0.0240229 1.88952e-05 
POCZ: 1.3617e-06 4.17786e-15 2.41929e-05 0.000994454 3.54302e-10 9.47512e-06 5.03122e-06 6.00865e-06 1.25424e-06 6.05134e-07 0.000579079 5.14695e-08 1.52135e-06 6.25438e-11 0.000200284 5.22844e-06 5.1847e-09 3.94039e-12 1.06526e-10 6.24215e-07 1.05665e-17 2.91629e-07 1.4127e-07 2.63515e-08 1.30213e-07 2.62498e-14 0.00101864 6.88167e-06 0.117126 1.04756e-06 6.86559e-07 5.49068e-05 4.33247e-05 4.02415e-10 0.0240229 1.88952e-05 
wektorC.dat:
POCZ: 1.11332e-10 1.00731e-17 4.86604e-07 1 6.83526e-08 5.23327e-10 0.000139755 2.49363e-09 1.56015e-08 7.80635e-06 1.1948e-12 3.50483e-08 7.43542e-07 3.62891e-11 8.49422e-12 0.0416957 1.75812e-11 6.86674e-08 3.25313e-13 6.38778e-09 1.62395e-14 2.35538e-07 5.38482e-06 5.13516e-10 8.48524e-09 8.79188e-10 0.00604886 0.000365683 2.20168e-06 6.6794e-10 3.72192e-06 7.59693e-09 1.1131e-10 0.00283369 1.19416e-06 1.0783e-09 
POCZ: 3.16965e-10 7.30737e-15 5.23684e-09 1 4.09246e-07 1.33226e-11 3.41381e-08 5.44395e-07 6.77098e-09 1.14163e-06 2.60276e-10 1.12866e-10 5.03347e-07 6.79713e-12 5.80318e-14 4.58116e-05 3.44121e-15 2.25209e-07 1.80276e-12 2.27189e-08 3.33375e-16 4.37673e-09 1.12567e-08 3.12756e-11 1.34324e-09 2.36511e-08 3.22206e-05 0.00285101 6.92005e-06 5.36674e-12 1.559e-07 2.50387e-10 7.28287e-06 1.30007e-07 1.13396e-08 1.357e-11 
POCZ: 6.35425e-12 3.37758e-14 5.63012e-07 1 4.44149e-08 2.97297e-10 0.000608148 1.61318e-05 4.02866e-09 7.03946e-07 2.0218e-12 5.75775e-08 7.17306e-07 3.36629e-11 4.03861e-12 0.0299916 5.45717e-08 4.12268e-09 6.8508e-16 1.74346e-09 6.26926e-10 8.94708e-09 3.61632e-06 2.62506e-11 8.07201e-09 1.06317e-06 0.00121458 0.000536945 9.72749e-06 1.60613e-12 2.00135e-05 2.44089e-05 1.25874e-08 0.00363067 4.29717e-07 3.25412e-08 
POCZ: 5.32818e-12 8.21736e-16 9.34888e-10 1 1.29918e-06 3.0778e-12 1.28713e-06 5.22796e-07 6.0049e-10 0.000176615 3.39413e-11 2.95309e-10 2.97228e-07 4.76363e-10 1.71485e-12 0.00763793 5.09162e-16 1.40352e-10 1.63515e-12 9.60021e-09 3.79156e-19 8.69892e-08 7.35241e-08 2.89597e-12 6.43481e-10 1.59883e-12 7.57908e-05 0.00252738 1.12518e-05 2.88693e-10 3.0648e-08 3.96463e-07 2.36045e-05 3.71682e-09 1.38579e-06 3.08854e-10 
POCZ: 1.35726e-10 1.82913e-15 2.4543e-06 1 3.21126e-07 3.30131e-08 4.97346e-06 2.4997e-06 7.09089e-08 4.85948e-05 8.20606e-11 1.9331e-07 9.4948e-07 2.76899e-10 8.50113e-12 4.31919e-05 1.00596e-11 7.2963e-07 1.90086e-13 2.57992e-07 3.91828e-15 1.61711e-08 2.67901e-05 6.19788e-09 6.50488e-07 3.91463e-10 0.00492777 0.000413945 6.74189e-06 4.1179e-10 5.45028e-05 2.87329e-07 1.8293e-11 0.00141466 8.59761e-07 7.54268e-09 
POCZ: 3.16965e-10 7.30737e-15 5.23684e-09 1 4.09246e-07 1.33226e-11 3.41381e-08 5.44395e-07 6.77098e-09 1.14163e-06 2.60276e-10 1.12866e-10 5.03347e-07 6.79713e-12 5.80318e-14 4.58116e-05 3.44121e-15 2.25209e-07 1.80276e-12 2.27189e-08 3.33375e-16 4.37673e-09 1.12567e-08 3.12756e-11 1.34324e-09 2.36511e-08 3.22206e-05 0.00285101 6.92005e-06 5.36674e-12 1.559e-07 2.50387e-10 7.28287e-06 1.30007e-07 1.13396e-08 1.357e-11 
POCZ: 3.16965e-10 7.30737e-15 5.23684e-09 1 4.09246e-07 1.33226e-11 3.41381e-08 5.44395e-07 6.77098e-09 1.14163e-06 2.60276e-10 1.12866e-10 5.03347e-07 6.79713e-12 5.80318e-14 4.58116e-05 3.44121e-15 2.25209e-07 1.80276e-12 2.27189e-08 3.33375e-16 4.37673e-09 1.12567e-08 3.12756e-11 1.34324e-09 2.36511e-08 3.22206e-05 0.00285101 6.92005e-06 5.36674e-12 1.559e-07 2.50387e-10 7.28287e-06 1.30007e-07 1.13396e-08 1.357e-11 
wektorCi.dat:
POCZ: 1.38403e-09 4.36123e-16 1.86926e-09 8.9353e-09 1 3.53119e-10 4.74133e-07 1.8158e-06 6.08946e-07 1.94313e-07 6.87076e-10 1.23799e-09 3.17061e-06 1.43762e-09 1.06061e-12 0.000354063 3.28472e-17 5.7239e-09 1.11345e-12 1.9903e-10 5.16823e-16 5.50842e-08 8.2188e-06 6.29174e-11 2.37519e-08 2.37281e-14 0.00350423 0.0036683 6.35293e-07 1.20447e-09 7.95648e-07 1.18045e-05 5.04255e-06 0.000247946 1.24744e-07 7.03947e-10 
POCZ: 1.68185e-11 5.28736e-14 3.11312e-08 2.61066e-06 1 9.22615e-10 3.59692e-10 0.00101891 2.76024e-07 2.56153e-05 6.1074e-11 1.78781e-08 5.41241e-07 3.35055e-08 3.49478e-13 0.0011461 2.2323e-19 9.99304e-13 6.98009e-12 1.2191e-09 3.44928e-15 1.02025e-09 9.97394e-05 1.14484e-11 5.60755e-08 7.92457e-13 0.00274486 0.000291493 9.06177e-08 1.9021e-12 1.41076e-05 1.52069e-05 2.92744e-08 0.00102081 1.23974e-07 2.03163e-08 
POCZ: 2.76974e-11 1.76435e-08 1.04068e-07 4.02542e-06 0.00187079 1.99795e-09 6.65788e-07 0.000149549 2.28141e-08 0.0941181 1.24689e-12 6.92427e-08 5.54843e-08 9.52829e-08 1.59714e-12 0.024342 1.03813e-06 1.59589e-12 2.26177e-14 1.1943e-10 5.09025e-12 2.94463e-10 0.0445403 4.793e-11 1.01189e-07 1.13716e-10 0.0012301 0.000291712 4.0597e-07 3.42198e-09 7.21678e-05 0.000294572 9.77792e-05 1.00178e-05 3.75162e-06 9.16697e-07 
POCZ: 2.22866e-09 7.10701e-16 6.54901e-10 0.000174633 0.24888 2.23758e-10 6.85095e-06 1.55079e-06 1.00675e-08 6.56658e-05 6.9853e-11 2.65352e-09 7.75229e-07 2.73632e-09 1.04473e-13 0.00250375 3.75872e-15 1.17242e-11 3.80726e-11 5.46229e-09 1.9379e-17 2.85073e-09 0.00032966 1.66916e-13 5.7415e-09 4.17182e-15 0.0070065 0.00447244 9.11129e-07 2.34459e-10 7.66744e-07 2.06548e-07 5.03208e-09 1.85253e-06 1.13949e-08 7.52809e-10 
POCZ: 2.22866e-09 7.10701e-16 6.54901e-10 0.000174633 0.24888 2.23758e-10 6.85095e-06 1.55079e-06 1.00675e-08 6.56658e-05 6.9853e-11 2.65352e-09 7.75229e-07 2.73632e-09 1.04473e-13 0.00250375 3.75872e-15 1.17242e-11 3.80726e-11 5.46229e-09 1.9379e-17 2.85073e-09 0.00032966 1.66916e-13 5.7415e-09 4.17182e-15 0.0070065 0.00447244 9.11129e-07 2.34459e-10 7.66744e-07 2.06548e-07 5.03208e-09 1.85253e-06 1.13949e-08 7.52809e-10 
wektorCz.dat:
POCZ: 1.36215e-06 4.1808e-15 2.42061e-05 0.000995152 3.53391e-10 9.48321e-06 5.03529e-06 6.01554e-06 1.25446e-06 6.06551e-07 0.000579002 5.14785e-08 1.52124e-06 6.25426e-11 0.000200428 5.22375e-06 5.18653e-09 3.93998e-12 1.06653e-10 6.22913e-07 1.05854e-17 2.91543e-07 1.41038e-07 2.63494e-08 1.30222e-07 2.62202e-14 0.00101922 6.88735e-06 0.117171 1.05045e-06 6.86336e-07 5.49845e-05 4.33478e-05 4.01693e-10 0.0240302 1.8904e-05 
POCZ: 1.35828e-06 1.37686e-15 1.20004e-05 0.000865424 1.48054e-09 0.000866115 2.66014e-05 5.96909e-06 1.43172e-06 2.32128e-07 1.46162e-05 6.13761e-08 3.87426e-06 3.06555e-11 0.000252036 3.15279e-06 2.06874e-08 7.7907e-12 2.37092e-11 3.55862e-07 7.69342e-18 4.16881e-07 6.83141e-07 5.31176e-08 2.36938e-07 3.24961e-14 0.00176528 1.15368e-05 0.0119328 5.09352e-07 7.49406e-07 1.53682e-05 1.89116e-05 1.21592e-09 0.0278219 2.96245e-05 
POCZ: 1.51376e-06 4.37648e-16 6.52044e-06 0.000171421 3.44546e-08 0.0128431 1.022e-05 2.76301e-07 2.30033e-06 1.96897e-08 1.34893e-05 1.02981e-07 7.4959e-06 9.5718e-11 1.50209e-05 7.84342e-05 1.67977e-09 4.94004e-12 1.98194e-12 2.0733e-06 3.28897e-19 3.09419e-06 3.86999e-06 1.76286e-07 3.64626e-07 8.8675e-13 0.000140995 1.21486e-05 0.0246962 1.28972e-08 2.70286e-06 9.92657e-06 3.20454e-06 2.93196e-07 0.00647665 2.90123e-06 
POCZ: 1.01092e-06 2.97597e-14 2.71541e-06 0.000269366 1.17286e-06 0.00179771 1.81097e-06 1.90242e-08 2.91526e-05 8.16992e-06 7.66517e-10 1.91283e-08 4.38289e-06 3.37229e-10 1.03997e-08 0.000203052 4.25487e-10 8.71172e-10 9.39395e-13 4.86133e-07 1.6847e-18 1.0365e-05 0.00266119 2.15759e-08 6.84468e-06 4.8499e-11 0.000385002 3.45272e-05 8.69049e-07 4.67822e-05 1.71971e-06 2.56405e-05 1.89824e-05 3.94468e-06 5.05698e-05 8.62152e-07 
POCZ: 1.01092e-06 2.97597e-14 2.71541e-06 0.000269366 1.17286e-06 0.00179771 1.81097e-06 1.90242e-08 2.91526e-05 8.16992e-06 7.66517e-10 1.91283e-08 4.38289e-06 3.37229e-10 1.03997e-08 0.000203052 4.25487e-10 8.71172e-10 9.39395e-13 4.86133e-07 1.6847e-18 1.0365e-05 0.00266119 2.15759e-08 6.84468e-06 4.8499e-11 0.000385002 3.45272e-05 8.69049e-07 4.67822e-05 1.71971e-06 2.56405e-05 1.89824e-05 3.94468e-06 5.05698e-05 8.62152e-07 
wektorD.dat:
POCZ: 1.90135e-10 7.37351e-17 3.26831e-09 1.59631e-05 4.97609e-10 4.9394e-10 1 2.31807e-07 1.17252e-08 4.3973e-05 2.61462e-12 1.20121e-07 1.97465e-07 6.44413e-09 1.8025e-11 0.000718297 1.5052e-13 1.00447e-10 8.00092e-14 7.36414e-11 2.69207e-14 1.62343e-06 1.27937e-06 1.45526e-11 1.53534e-07 5.9829e-11 2.04707e-05 0.000723904 2.9225e-06 3.85298e-08 8.14642e-07 0.000228601 2.85346e-06 0.031894 5.3494e-07 2.19137e-08 
POCZ: 1.64404e-10 1.35965e-15 8.55792e-07 0.00017492 1.63888e-09 1.20314e-10 1 1.50562e-05 1.95549e-08 0.000355997 1.02504e-11 1.07678e-07 2.3608e-07 1.37221e-09 5.28224e-11 0.000216754 3.1284e-08 3.13454e-11 2.35327e-15 4.24441e-10 4.12837e-10 1.74733e-07 1.13863e-05 4.64264e-11 1.686e-07 2.22008e-11 0.00140664 0.000253723 6.13691e-06 4.23708e-09 8.43464e-06 0.00281556 1.17734e-06 0.247274 2.49914e-06 1.94064e-07 
POCZ: 2.15675e-10 1.59978e-14 1.47933e-06 0.000106708 5.09491e-09 5.14586e-10 1 6.19853e-05 4.96817e-08 5.35754e-05 1.63581e-11 3.7415e-08 2.94035e-07 1.12075e-09 3.89676e-11 0.000269992 1.20845e-07 4.17575e-11 1.87406e-15 5.78806e-10 9.8257e-11 3.58163e-07 2.19925e-05 3.69848e-11 2.11676e-07 2.06248e-10 0.00152173 0.00181051 1.12471e-05 3.35575e-09 6.25534e-06 0.0101784 2.4695e-06 0.26934 1.03601e-06 2.09285e-07 
POCZ: 9.85602e-10 3.42532e-17 4.68204e-08 8.76192e-05 8.83665e-09 4.32787e-10 1 2.70757e-07 5.75465e-09 2.06732e-05 1.64016e-12 2.14046e-07 3.07016e-07 2.32418e-09 1.10404e-10 0.00177106 1.41314e-13 1.83367e-10 2.49955e-13 1.90876e-09 1.03561e-14 2.73372e-06 1.05124e-05 5.56854e-11 1.75627e-07 3.10833e-11 8.50945e-05 0.00218994 7.76932e-06 2.00578e-08 2.30485e-06 5.99965e-05 1.1128e-07 0.00871805 3.84217e-06 4.13286e-09 
POCZ: 9.85602e-10 3.42532e-17 4.68204e-08 8.76192e-05 8.83665e-09 4.32787e-10 1 2.70757e-07 5.75465e-09 2.06732e-05 1.64016e-12 2.14046e-07 3.07016e-07 2.32418e-09 1.10404e-10 0.00177106 1.41314e-13 1.83367e-10 2.49955e-13 1.90876e-09 1.03561e-14 2.73372e-06 1.05124e-05 5.56854e-11 1.75627e-07 3.10833e-11 8.50945e-05 0.00218994 7.76932e-06 2.00578e-08 2.30485e-06 5.99965e-05 1.1128e-07 0.00871805 3.84217e-06 4.13286e-09 
wektorDZ.dat:
POCZ: 3.72234e-11 9.30326e-08 5.71218e-07 7.37327e-07 2.66693e-07 1.36486e-12 6.59211e-06 1 5.25457e-08 0.000367712 9.30369e-13 1.10875e-07 4.64894e-08 1.75998e-07 1.69581e-12 0.000640805 4.61274e-08 1.42518e-12 6.08615e-12 1.04284e-10 2.37697e-08 6.74157e-10 0.000486935 1.3552e-10 7.26567e-08 4.11493e-11 9.83678e-05 0.000442374 1.00306e-06 8.51961e-13 1.86484e-05 5.57367e-05 0.014858 1.74801e-05 2.1635e-06 3.13664e-06 
POCZ: 2.73672e-11 3.07481e-07 3.40929e-07 0.000137372 2.4898e-06 3.69403e-12 1.38347e-07 1 4.70881e-08 0.000635673 3.84438e-12 1.1728e-07 1.72086e-07 1.97993e-07 4.64526e-12 0.00276235 1.10224e-09 2.28837e-12 2.87269e-11 6.36244e-09 3.61747e-09 5.31454e-10 0.000909023 1.90306e-10 2.27466e-07 8.95743e-10 0.000451843 5.25356e-05 2.6677e-06 2.57749e-14 4.83551e-05 0.000367428 1.86187e-05 9.48619e-08 1.60977e-06 2.24252e-06 
POCZ: 9.86935e-11 9.91162e-11 7.06456e-07 4.1077e-05 1.32318e-07 5.41112e-12 2.58593e-05 1 9.02572e-07 5.81531e-06 9.20424e-11 5.33824e-07 1.57001e-07 1.08293e-09 4.43826e-11 1.8292e-05 3.49892e-06 4.12743e-10 4.10283e-13 1.21907e-08 4.27598e-11 3.54734e-08 9.95956e-07 1.59299e-10 2.91785e-07 6.17898e-08 2.88232e-05 0.000155275 1.04241e-05 1.33863e-11 3.11722e-05 0.00346434 0.000607099 4.54237e-05 5.09241e-06 1.18274e-07 
POCZ: 1.94112e-11 1.01849e-08 1.28971e-06 2.20099e-05 2.06629e-07 6.87206e-13 3.68815e-06 1 8.93966e-08 0.000194014 2.71249e-12 2.03254e-07 1.13972e-07 3.1502e-07 1.49703e-12 0.000394758 2.04356e-09 1.0103e-12 1.71587e-11 1.61876e-10 5.15723e-08 1.04941e-09 0.000286651 9.2175e-11 4.11442e-07 1.53136e-11 3.05485e-05 8.02079e-05 3.28884e-06 5.55238e-13 2.20876e-05 2.61644e-05 0.00999266 5.57815e-07 7.06715e-07 1.09328e-06 
POCZ: 1.94112e-11 1.01849e-08 1.28971e-06 2.20099e-05 2.06629e-07 6.87206e-13 3.68815e-06 1 8.93966e-08 0.000194014 2.71249e-12 2.03254e-07 1.13972e-07 3.1502e-07 1.49703e-12 0.000394758 2.04356e-09 1.0103e-12 1.71587e-11 1.61876e-10 5.15723e-08 1.04941e-09 0.000286651 9.2175e-11 4.11442e-07 1.53136e-11 3.05485e-05 8.02079e-05 3.28884e-06 5.55238e-13 2.20876e-05 2.61644e-05 0.00999266 5.57815e-07 7.06715e-07 1.09328e-06 
wektorDZy.dat:
POCZ: 7.73825e-07 3.75441e-15 2.85896e-05 0.000509487 1.75294e-10 4.84962e-07 5.3436e-05 2.80072e-05 3.81469e-06 7.47537e-07 0.00172722 4.0886e-08 4.15334e-06 1.00074e-10 7.88187e-05 3.96362e-06 1.41701e-09 4.24032e-12 3.15826e-11 2.19237e-06 1.74951e-17 2.24469e-07 3.29033e-07 4.45695e-08 8.02594e-08 7.51241e-15 0.00208274 1.69506e-05 0.128515 5.78248e-05 2.54732e-07 2.08746e-05 1.46744e-05 1.20219e-10 0.0167217 1.22927e-05 
POCZ: 1.15524e-06 4.03921e-13 4.84713e-06 0.000241709 3.99116e-08 1.66148e-06 4.24607e-07 3.31868e-06 0.000123037 8.18137e-08 2.61123e-09 4.95137e-08 6.03676e-06 2.10583e-09 1.31942e-08 3.54344e-05 4.83973e-10 3.84931e-09 1.55902e-10 2.99164e-07 2.73191e-17 1.44076e-05 5.92607e-05 3.32799e-08 6.05142e-06 1.80264e-10 0.000219483 2.19408e-05 1.48553e-06 8.11171e-09 2.44273e-06 7.77019e-06 3.52787e-05 1.03839e-06 5.61961e-05 3.34224e-06 
POCZ: 1.70803e-06 1.81537e-13 3.07019e-06 0.000249053 4.57359e-08 2.4817e-08 6.53155e-07 3.08256e-06 0.000230969 3.77956e-08 8.845e-09 1.40443e-07 4.07078e-06 4.00767e-09 1.31566e-08 3.18986e-05 2.73037e-10 4.44232e-09 1.4287e-10 7.96887e-07 4.23452e-17 5.08149e-06 7.23431e-05 7.5652e-08 7.92179e-06 2.44258e-10 6.73471e-05 2.29216e-05 7.56286e-06 7.1784e-08 3.1729e-06 9.75625e-05 3.32304e-05 6.8857e-07 4.05984e-05 1.13263e-06 
POCZ: 1.70803e-06 1.81537e-13 3.07019e-06 0.000249053 4.57359e-08 2.4817e-08 6.53155e-07 3.08256e-06 0.000230969 3.77956e-08 8.845e-09 1.40443e-07 4.07078e-06 4.00767e-09 1.31566e-08 3.18986e-05 2.73037e-10 4.44232e-09 1.4287e-10 7.96887e-07 4.23452e-17 5.08149e-06 7.23431e-05 7.5652e-08 7.92179e-06 2.44258e-10 6.73471e-05 2.29216e-05 7.56286e-06 7.1784e-08 3.1729e-06 9.75625e-05 3.32304e-05 6.8857e-07 4.05984e-05 1.13263e-06 
wektorDZi.dat:
POCZ: 6.61793e-13 3.13529e-14 3.3044e-10 7.42929e-05 1.10768e-07 1.30717e-10 8.38278e-05 3.37042e-09 3.48347e-10 1 6.35289e-14 1.85447e-09 4.56152e-07 1.52461e-05 7.53177e-14 0.00172685 1.5099e-16 1.33839e-13 8.02927e-10 4.2576e-12 1.21869e-15 1.51422e-09 0.0703066 6.0487e-12 3.07986e-09 8.57569e-16 4.55308e-05 0.00022952 3.03446e-08 4.25394e-09 1.68113e-06 2.15404e-05 5.95144e-05 0.000381432 3.74548e-07 9.29526e-10 
POCZ: 4.06343e-11 1.14693e-08 6.93549e-07 6.08581e-06 2.81725e-05 7.3272e-10 2.44617e-06 2.2559e-05 3.06802e-08 0.205522 1.31358e-12 3.34698e-08 4.44409e-08 5.36859e-08 1.61168e-12 0.0249851 4.54526e-09 4.4058e-13 1.29563e-13 2.34848e-09 1.65668e-09 2.47955e-10 0.0684031 6.29979e-11 2.5118e-07 5.06396e-10 0.000893296 7.4362e-05 1.76009e-06 3.28739e-10 3.65299e-05 0.00169724 3.80342e-05 1.87769e-06 1.4956e-06 1.36247e-06 
POCZ: 2.24507e-09 4.94384e-10 1.0215e-07 3.87322e-06 4.57406e-06 5.22338e-07 2.45827e-05 2.98588e-06 7.21906e-09 1 8.32964e-14 1.24279e-08 2.19142e-07 5.55543e-08 1.5918e-11 0.00609288 6.47426e-13 1.04807e-11 2.06312e-11 7.12941e-07 5.9193e-14 3.17362e-09 0.130845 1.3892e-09 1.19905e-06 1.25509e-13 0.00212365 0.000196782 3.79366e-08 1.74454e-09 3.49924e-05 2.0841e-07 2.52996e-07 6.88838e-07 1.70012e-05 1.17601e-06 
POCZ: 2.24507e-09 4.94384e-10 1.0215e-07 3.87322e-06 4.57406e-06 5.22338e-07 2.45827e-05 2.98588e-06 7.21906e-09 1 8.32964e-14 1.24279e-08 2.19142e-07 5.55543e-08 1.5918e-11 0.00609288 6.47426e-13 1.04807e-11 2.06312e-11 7.12941e-07 5.9193e-14 3.17362e-09 0.130845 1.3892e-09 1.19905e-06 1.25509e-13 0.00212365 0.000196782 3.79366e-08 1.74454e-09 3.49924e-05 2.0841e-07 2.52996e-07 6.88838e-07 1.70012e-05 1.17601e-06 
wektorE.dat:
POCZ: 6.49552e-07 1.16798e-15 8.96944e-06 0.000251026 3.72901e-08 1.28997e-06 1.57178e-06 8.3354e-07 1.03467e-06 7.89214e-09 0.000851727 3.62721e-08 1.90092e-06 7.04736e-11 4.91396e-05 2.70529e-05 2.32169e-09 4.78989e-12 1.02371e-11 3.29429e-05 4.47839e-19 4.76583e-07 3.20636e-06 3.16903e-08 1.03421e-07 1.78274e-13 0.000392645 1.63722e-06 0.0685705 1.12873e-08 1.10374e-06 3.58877e-06 1.44812e-05 9.37729e-09 0.0133815 7.80482e-06 
POCZ: 7.00805e-07 1.73362e-15 3.716e-05 0.000421608 1.46654e-08 1.06349e-06 4.47975e-06 1.07108e-06 2.72957e-07 1.17217e-08 1 2.22368e-08 3.14661e-06 9.31326e-11 2.57506e-05 1.2773e-05 1.43563e-09 9.24623e-12 1.63194e-11 6.00862e-05 4.38183e-19 2.45992e-07 6.97293e-06 1.38568e-08 2.41763e-07 8.3035e-14 0.00098587 9.06331e-07 0.119659 6.14302e-09 1.0737e-06 1.52679e-06 7.00232e-06 6.01788e-09 0.0110998 1.45503e-05 
POCZ: 9.14318e-07 1.10006e-15 9.82451e-06 0.000195456 2.79181e-08 1.05172e-05 1.55609e-06 4.04869e-07 1.40528e-06 1.2967e-08 0.000704397 5.35096e-08 2.40277e-06 1.17036e-10 2.15718e-05 6.79618e-05 9.36934e-10 3.55413e-12 7.64479e-12 1.64486e-05 3.32483e-19 1.04283e-06 2.19859e-06 5.28572e-08 1.39572e-07 4.21087e-13 0.00016662 2.94734e-06 0.117315 1.11069e-08 1.71045e-06 8.4401e-06 9.36611e-06 3.95052e-08 0.00826983 3.56053e-06 
POCZ: 1.72146e-06 1.75511e-13 3.06693e-06 0.00025075 4.53359e-08 2.49828e-08 6.5012e-07 3.07993e-06 0.000232817 3.75346e-08 8.77984e-09 1.39396e-07 4.0782e-06 4.01737e-09 1.32408e-08 3.21012e-05 2.74658e-10 4.41904e-09 1.43571e-10 7.8098e-07 4.29131e-17 5.12393e-06 7.24624e-05 7.59759e-08 7.93774e-06 2.46233e-10 6.70703e-05 2.2846e-05 7.50591e-06 7.24082e-08 3.15328e-06 9.81685e-05 3.32581e-05 6.93565e-07 4.08213e-05 1.13429e-06 
POCZ: 1.72146e-06 1.75511e-13 3.06693e-06 0.00025075 4.53359e-08 2.49828e-08 6.5012e-07 3.07993e-06 0.000232817 3.75346e-08 8.77984e-09 1.39396e-07 4.0782e-06 4.01737e-09 1.32408e-08 3.21012e-05 2.74658e-10 4.41904e-09 1.43571e-10 7.8098e-07 4.29131e-17 5.12393e-06 7.24624e-05 7.59759e-08 7.93774e-06 2.46233e-10 6.70703e-05 2.2846e-05 7.50591e-06 7.24082e-08 3.15328e-06 9.81685e-05 3.32581e-05 6.93565e-07 4.08213e-05 1.13429e-06 
wektorEi.dat:
POCZ: 1.97659e-07 2.85932e-09 2.97677e-07 1.60228e-05 9.76943e-07 1.72043e-09 2.80806e-07 2.10646e-05 1.95889e-05 1.39009e-07 5.64356e-10 1.05405e-07 9.19308e-07 5.36028e-09 5.08776e-10 7.23044e-05 3.17133e-09 9.5393e-09 2.047e-11 4.94073e-05 1.29327e-17 3.1594e-07 4.56212e-05 5.11164e-09 3.352e-06 2.51497e-08 0.000346409 7.73842e-05 3.53912e-06 1.67302e-07 3.61337e-05 1.87227e-05 0.000147763 9.91747e-07 0.00011918 1.0454e-07 
POCZ: 1.23368e-06 3.99293e-13 4.93271e-06 0.000230361 3.77521e-08 2.48657e-06 4.23785e-07 2.88867e-06 0.00013049 9.00039e-08 2.51774e-09 5.33549e-08 6.31469e-06 2.32142e-09 1.12637e-08 4.22963e-05 4.06526e-10 3.63468e-09 1.47395e-10 2.61793e-07 2.57989e-17 1.67469e-05 5.51152e-05 3.67176e-08 6.41014e-06 2.12633e-10 0.000186148 2.45646e-05 1.6642e-06 8.08663e-09 2.65725e-06 9.15801e-06 3.24449e-05 1.36891e-06 5.11825e-05 2.87433e-06 
POCZ: 1.23368e-06 3.99293e-13 4.93271e-06 0.000230361 3.77521e-08 2.48657e-06 4.23785e-07 2.88867e-06 0.00013049 9.00039e-08 2.51774e-09 5.33549e-08 6.31469e-06 2.32142e-09 1.12637e-08 4.22963e-05 4.06526e-10 3.63468e-09 1.47395e-10 2.61793e-07 2.57989e-17 1.67469e-05 5.51152e-05 3.67176e-08 6.41014e-06 2.12633e-10 0.000186148 2.45646e-05 1.6642e-06 8.08663e-09 2.65725e-06 9.15801e-06 3.24449e-05 1.36891e-06 5.11825e-05 2.87433e-06 
wektorF.dat:
POCZ: 6.11241e-07 4.51676e-13 4.09119e-06 0.000385151 6.84189e-08 3.33808e-08 4.32598e-07 1.2733e-05 6.95809e-05 3.24584e-08 3.7198e-09 2.4004e-08 3.90246e-06 8.18877e-10 6.1109e-08 6.37535e-06 2.62188e-09 6.71109e-09 2.68556e-10 1.09027e-06 4.75765e-17 3.35241e-06 0.000119644 1.28364e-08 3.46297e-06 3.63812e-11 0.00108244 7.34253e-06 4.94423e-07 8.3588e-09 1.08049e-06 1.58082e-06 7.94151e-05 7.13452e-08 0.000138986 1.44127e-05 
POCZ: 1.23367e-06 3.993e-13 4.93263e-06 0.00023036 3.77527e-08 2.4868e-06 4.23803e-07 2.88868e-06 0.000130489 9.00046e-08 2.51747e-09 5.33547e-08 6.31477e-06 2.32138e-09 1.12637e-08 4.22958e-05 4.06544e-10 3.63474e-09 1.47391e-10 2.6179e-07 2.57996e-17 1.67469e-05 5.51162e-05 3.67176e-08 6.41023e-06 2.12636e-10 0.000186152 2.45651e-05 1.6641e-06 8.08678e-09 2.65728e-06 9.158e-06 3.24446e-05 1.3689e-06 5.11831e-05 2.87436e-06 
POCZ: 1.23369e-06 3.99287e-13 4.93268e-06 0.000230362 3.77523e-08 2.48674e-06 4.23796e-07 2.88868e-06 0.00013049 9.00037e-08 2.51761e-09 5.3355e-08 6.31477e-06 2.3214e-09 1.12638e-08 4.22958e-05 4.06535e-10 3.63471e-09 1.47393e-10 2.61788e-07 2.5799e-17 1.6747e-05 5.51159e-05 3.6718e-08 6.4102e-06 2.12633e-10 0.00018615 2.45648e-05 1.66415e-06 8.08667e-09 2.65725e-06 9.15793e-06 3.24447e-05 1.36892e-06 5.11827e-05 2.87436e-06 
POCZ: 1.20254e-06 4.46894e-13 4.94986e-06 0.000225236 3.88651e-08 2.43388e-06 4.3033e-07 2.8974e-06 0.000127099 9.21054e-08 2.57952e-09 5.46808e-08 6.27829e-06 2.30287e-09 1.10342e-08 4.1445e-05 3.98591e-10 3.69942e-09 1.44982e-10 2.80163e-07 2.46758e-17 1.62965e-05 5.48015e-05 3.62013e-08 6.36949e-06 2.07086e-10 0.000188594 2.48384e-05 1.70711e-06 7.85308e-09 2.71197e-06 8.97209e-06 3.23642e-05 1.33615e-06 5.02587e-05 2.85814e-06 
POCZ: 1.20254e-06 4.46894e-13 4.94986e-06 0.000225236 3.88651e-08 2.43388e-06 4.3033e-07 2.8974e-06 0.000127099 9.21054e-08 2.57952e-09 5.46808e-08 6.27829e-06 2.30287e-09 1.10342e-08 4.1445e-05 3.98591e-10 3.69942e-09 1.44982e-10 2.80163e-07 2.46758e-17 1.62965e-05 5.48015e-05 3.62013e-08 6.36949e-06 2.07086e-10 0.000188594 2.48384e-05 1.70711e-06 7.85308e-09 2.71197e-06 8.97209e-06 3.23642e-05 1.33615e-06 5.02587e-05 2.85814e-06 
wektorG.dat:
POCZ: 5.65538e-07 4.40955e-11 1.48757e-06 8.59157e-05 4.31785e-08 3.84417e-09 4.46628e-07 1.86563e-05 1.72496e-05 8.19602e-08 2.2412e-09 1.35248e-07 2.38899e-06 6.19789e-08 1.24332e-09 9.73718e-06 1.92083e-10 5.31282e-09 5.59664e-11 8.37664e-06 1.07503e-17 1.81298e-07 3.88829e-05 4.88287e-05 1.6079e-05 9.25675e-10 0.000279447 8.62967e-05 1.56619e-05 2.45797e-07 3.72666e-06 0.00012633 5.13385e-05 4.8299e-07 2.57272e-05 1.9356e-07 
POCZ: 5.76162e-08 3.77816e-09 4.59179e-07 1.94804e-05 4.82317e-07 1.9172e-10 3.67496e-08 8.52736e-06 2.85354e-06 1.70896e-06 9.83186e-12 3.09795e-08 5.15451e-07 1.75793e-06 1.26824e-11 0.000570287 5.02719e-12 1.07461e-11 1.93146e-09 2.009e-08 9.82105e-14 1.17289e-08 0.0240919 6.10985e-09 2.99172e-06 4.44563e-12 0.0010061 2.68562e-05 2.0742e-07 5.1868e-08 1.46471e-05 3.27137e-07 0.00118243 4.1406e-08 4.20442e-05 9.25176e-06 
POCZ: 4.71148e-08 4.03728e-07 4.56833e-07 9.19319e-06 1.15736e-06 2.85929e-10 4.66805e-08 1.13714e-05 1.41764e-06 4.76215e-06 1.5839e-11 3.48091e-08 7.31983e-07 1.2906e-06 1.70475e-11 0.00118616 2.22474e-12 2.51882e-11 7.85998e-10 9.56901e-07 1.46231e-14 8.58595e-09 0.0119267 4.13544e-09 4.11755e-06 3.89176e-12 0.000514973 4.28163e-05 1.02956e-06 6.88344e-09 2.20745e-05 1.95537e-07 0.00174642 1.21872e-08 1.90116e-05 1.49353e-06 
POCZ: 3.0852e-07 2.88924e-10 6.60992e-07 3.76844e-05 2.41812e-07 1.69193e-09 2.12277e-08 1.35911e-05 7.5605e-06 8.79643e-07 7.35184e-11 2.85554e-08 1.44807e-06 1.99154e-06 1.29746e-10 0.001546 1.69365e-12 9.70182e-12 1.43094e-09 2.26026e-08 1.18419e-14 4.00554e-08 0.0159655 2.3335e-08 5.11124e-06 3.26529e-12 0.000152791 1.77615e-05 1.28844e-06 6.79056e-09 4.36725e-06 1.31623e-07 0.00170575 1.58889e-07 2.07529e-05 2.25978e-06 
POCZ: 3.0852e-07 2.88924e-10 6.60992e-07 3.76844e-05 2.41812e-07 1.69193e-09 2.12277e-08 1.35911e-05 7.5605e-06 8.79643e-07 7.35184e-11 2.85554e-08 1.44807e-06 1.99154e-06 1.29746e-10 0.001546 1.69365e-12 9.70182e-12 1.43094e-09 2.26026e-08 1.18419e-14 4.00554e-08 0.0159655 2.3335e-08 5.11124e-06 3.26529e-12 0.000152791 1.77615e-05 1.28844e-06 6.79056e-09 4.36725e-06 1.31623e-07 0.00170575 1.58889e-07 2.07529e-05 2.25978e-06 
wektorH.dat:
POCZ: 7.49172e-07 4.94357e-16 5.40567e-06 0.000286202 6.24873e-08 0.000174404 1.04401e-05 1.22012e-06 1.22657e-06 7.09425e-09 1.99398e-05 4.6327e-08 4.63346e-06 3.37459e-11 8.1467e-05 1.18161e-05 1.08442e-08 9.11397e-12 3.60839e-12 8.62553e-06 6.06313e-19 6.18668e-07 8.40156e-06 6.16053e-08 1.9688e-07 1.51547e-13 0.000820744 3.63782e-06 0.00746749 1.33519e-08 1.09759e-06 1.71562e-06 7.83804e-06 1.52737e-08 0.0174164 1.45542e-05 
POCZ: 9.50779e-07 2.25087e-15 1.49478e-05 0.000509937 3.39394e-09 3.60038e-06 2.86066e-06 2.304e-06 1.14241e-06 7.36683e-08 0.000698314 4.34314e-08 1.69501e-06 6.62741e-11 0.000101284 1.16088e-05 3.51085e-09 4.33195e-12 3.41822e-11 4.27743e-06 2.279e-18 3.70125e-07 6.42775e-07 2.88193e-08 1.16443e-07 6.65062e-14 0.000641406 3.42833e-06 0.0906512 1.16239e-07 8.64447e-07 1.46133e-05 2.5456e-05 1.85457e-09 0.018099 1.23032e-05 
POCZ: 6.49565e-07 1.16798e-15 8.96936e-06 0.000251024 3.72887e-08 1.29001e-06 1.57182e-06 8.33537e-07 1.03465e-06 7.89248e-09 0.000851727 3.62722e-08 1.90094e-06 7.04732e-11 4.914e-05 2.70524e-05 2.32171e-09 4.78995e-12 1.02373e-11 3.29426e-05 4.4785e-19 4.76583e-07 3.20637e-06 3.16901e-08 1.03421e-07 1.78273e-13 0.000392635 1.63726e-06 0.0685704 1.12876e-08 1.10373e-06 3.58885e-06 1.4481e-05 9.37726e-09 0.0133816 7.80487e-06 
POCZ: 6.11227e-07 4.51699e-13 4.09116e-06 0.000385149 6.84183e-08 3.33794e-08 4.32579e-07 1.27333e-05 6.95868e-05 3.24584e-08 3.71918e-09 2.40045e-08 3.90249e-06 8.18945e-10 6.1103e-08 6.37535e-06 2.62184e-09 6.71123e-09 2.68563e-10 1.09025e-06 4.75771e-17 3.35262e-06 0.000119647 1.28367e-08 3.4632e-06 3.63848e-11 0.00108241 7.34268e-06 4.94361e-07 8.35868e-09 1.08051e-06 1.58082e-06 7.94157e-05 7.13506e-08 0.00013898 1.44119e-05 
POCZ: 6.11227e-07 4.51699e-13 4.09116e-06 0.000385149 6.84183e-08 3.33794e-08 4.32579e-07 1.27333e-05 6.95868e-05 3.24584e-08 3.71918e-09 2.40045e-08 3.90249e-06 8.18945e-10 6.1103e-08 6.37535e-06 2.62184e-09 6.71123e-09 2.68563e-10 1.09025e-06 4.75771e-17 3.35262e-06 0.000119647 1.28367e-08 3.4632e-06 3.63848e-11 0.00108241 7.34268e-06 4.94361e-07 8.35868e-09 1.08051e-06 1.58082e-06 7.94157e-05 7.13506e-08 0.00013898 1.44119e-05 
wektorI.dat:
POCZ: 2.91586e-08 9.61724e-09 1.50017e-06 3.25802e-05 6.11585e-07 9.44122e-08 2.63632e-08 5.03585e-06 5.39941e-06 5.69623e-06 7.5624e-12 1.13363e-08 2.16204e-06 4.35121e-07 6.6897e-11 0.00185954 3.13851e-12 1.86946e-11 2.46589e-09 1.02291e-08 1.41253e-14 1.21743e-07 0.0153995 2.6229e-09 4.02513e-06 3.18299e-12 0.000263005 3.7516e-05 1.15182e-07 3.09874e-10 8.38824e-06 3.87162e-08 0.00058723 3.40404e-08 1.77383e-05 1.46828e-05 
POCZ: 4.50787e-11 8.92321e-12 3.70282e-07 0.0140387 7.67253e-08 1.36509e-09 4.52276e-05 5.74814e-06 7.36013e-09 0.00176391 8.20419e-12 2.03456e-08 1.71305e-07 9.45301e-09 9.08395e-12 1 1.73922e-10 2.9406e-14 7.21817e-14 1.10676e-10 1.05724e-09 2.64414e-09 0.12102 9.64362e-11 1.21289e-07 4.48407e-12 0.00102189 0.000467869 3.90725e-06 6.37929e-12 5.51523e-06 3.10692e-06 2.20015e-05 2.48115e-05 5.10469e-07 1.57091e-06 
POCZ: 7.86251e-11 1.36013e-09 1.41467e-07 0.000234613 1.09374e-06 1.49907e-10 0.00369916 3.76556e-06 8.11119e-09 0.00310436 2.09981e-12 1.54178e-07 1.85127e-07 5.28128e-08 7.83957e-12 1 1.25978e-10 8.49434e-14 6.82432e-14 9.79593e-10 2.38093e-09 3.1417e-10 0.0106608 6.42525e-11 2.41647e-07 1.93088e-10 0.000962549 0.000636114 9.5746e-06 1.07046e-11 1.52467e-05 1.33734e-06 1.68101e-05 3.06454e-05 1.44124e-06 1.59393e-06 
POCZ: 4.71086e-11 2.65304e-15 3.61522e-08 0.000303291 4.41693e-08 1.51006e-10 0.000107907 8.1124e-06 6.43491e-09 1.18436e-06 2.6505e-14 4.66294e-09 9.44706e-08 1.5516e-07 7.2798e-12 1 4.43606e-15 8.3452e-14 1.29768e-13 1.78929e-13 7.03154e-12 2.76739e-07 0.000744026 7.68037e-11 3.51819e-08 4.67178e-10 4.18833e-06 0.00294405 6.44202e-06 1.11654e-11 3.46041e-07 1.76294e-06 0.00120257 0.000173509 1.56141e-07 1.67065e-08 
POCZ: 4.71086e-11 2.65304e-15 3.61522e-08 0.000303291 4.41693e-08 1.51006e-10 0.000107907 8.1124e-06 6.43491e-09 1.18436e-06 2.6505e-14 4.66294e-09 9.44706e-08 1.5516e-07 7.2798e-12 1 4.43606e-15 8.3452e-14 1.29768e-13 1.78929e-13 7.03154e-12 2.76739e-07 0.000744026 7.68037e-11 3.51819e-08 4.67178e-10 4.18833e-06 0.00294405 6.44202e-06 1.11654e-11 3.46041e-07 1.76294e-06 0.00120257 0.000173509 1.56141e-07 1.67065e-08 
wektorJ.dat:
POCZ: 4.69586e-11 1.66047e-13 1.40204e-06 0.000304222 3.96198e-06 3.20655e-09 0.000235286 0.000235702 2.83434e-08 5.47486e-05 2.34391e-13 4.79566e-08 2.72454e-07 2.74582e-10 1.36535e-12 1.9687e-06 0.00695354 8.36663e-08 3.26119e-16 3.62689e-11 6.00142e-11 2.11215e-08 2.6452e-06 1.67053e-10 4.81185e-09 1.34231e-08 0.00235574 0.00290443 5.62637e-07 9.39904e-08 1.08301e-05 0.00389056 1.28118e-05 0.0504708 1.69562e-06 7.80126e-08 
POCZ: 2.93502e-11 1.05574e-12 6.03195e-07 0.000971209 2.07698e-08 1.10917e-09 0.00163807 8.0811e-05 4.53148e-08 0.000179994 1.54982e-12 2.72243e-07 1.61784e-07 1.82794e-11 3.25696e-12 0.000916167 0.000109109 5.38319e-09 2.17038e-15 1.04952e-09 2.34212e-08 1.48077e-09 3.81159e-05 2.55931e-10 3.52111e-08 1.01131e-08 0.00708601 0.00115339 4.17363e-06 1.122e-08 1.76076e-05 8.37917e-06 7.49615e-06 0.0916119 2.62658e-06 1.26236e-08 
POCZ: 6.67918e-09 7.10244e-08 2.89706e-07 5.65986e-06 9.23456e-07 5.15785e-10 7.96277e-07 0.000108559 6.59458e-06 4.98687e-07 2.43437e-10 1.57255e-07 3.45268e-07 5.04003e-09 2.37662e-10 0.000208032 1.21335e-05 8.60245e-10 7.92958e-13 3.41026e-07 2.29012e-13 1.05478e-07 0.000155297 6.92137e-10 7.59063e-07 1.20655e-05 0.000115632 6.34426e-05 6.08773e-06 7.37795e-10 3.15659e-05 0.0248328 0.0106684 1.89909e-06 5.00765e-05 3.49428e-07 
POCZ: 7.73745e-12 3.4636e-12 2.23813e-07 0.000435631 1.03776e-07 4.62397e-10 0.000542416 0.000243536 3.15675e-08 0.000124817 1.29461e-12 2.73453e-07 8.36633e-08 1.16696e-11 1.72825e-12 0.0019028 0.000345141 5.20837e-09 8.32376e-16 3.96801e-10 1.02513e-08 8.07635e-10 2.14921e-05 5.43262e-11 1.45801e-08 8.49589e-08 0.00269708 0.000938318 3.02527e-06 3.27818e-09 3.15424e-05 2.86173e-06 7.30572e-06 1 5.03217e-06 3.46183e-09 
POCZ: 7.73745e-12 3.4636e-12 2.23813e-07 0.000435631 1.03776e-07 4.62397e-10 0.000542416 0.000243536 3.15675e-08 0.000124817 1.29461e-12 2.73453e-07 8.36633e-08 1.16696e-11 1.72825e-12 0.0019028 0.000345141 5.20837e-09 8.32376e-16 3.96801e-10 1.02513e-08 8.07635e-10 2.14921e-05 5.43262e-11 1.45801e-08 8.49589e-08 0.00269708 0.000938318 3.02527e-06 3.27818e-09 3.15424e-05 2.86173e-06 7.30572e-06 1 5.03217e-06 3.46183e-09 
wektorK.dat:
POCZ: 1.97692e-07 2.85739e-09 2.97711e-07 1.60251e-05 9.76527e-07 1.72057e-09 2.80916e-07 2.10622e-05 1.95925e-05 1.3896e-07 5.6457e-10 1.05415e-07 9.19283e-07 5.35632e-09 5.08951e-10 7.2267e-05 3.17234e-09 9.54426e-09 2.04658e-11 4.94362e-05 1.29302e-17 3.16054e-07 4.55967e-05 5.11239e-09 3.35182e-06 2.51711e-08 0.000346473 7.73812e-05 3.53965e-06 1.67354e-07 3.6134e-05 1.87371e-05 0.000147689 9.92067e-07 0.000119202 1.04539e-07 
POCZ: 1.97732e-07 2.85678e-09 2.97694e-07 1.60251e-05 9.7669e-07 1.72095e-09 2.80872e-07 2.1064e-05 1.95943e-05 1.38946e-07 5.64614e-10 1.05406e-07 9.19357e-07 5.35632e-09 5.09035e-10 7.22758e-05 3.1737e-09 9.54433e-09 2.04652e-11 4.94358e-05 1.29263e-17 3.16062e-07 4.55881e-05 5.11257e-09 3.35213e-06 2.51632e-08 0.000346452 7.73778e-05 3.53951e-06 1.67389e-07 3.61358e-05 1.87347e-05 0.000147712 9.92079e-07 0.000119205 1.04508e-07 
POCZ: 1.97719e-07 2.85742e-09 2.97689e-07 1.6024e-05 9.7678e-07 1.72063e-09 2.80859e-07 2.10608e-05 1.95968e-05 1.38961e-07 5.64572e-10 1.05415e-07 9.19392e-07 5.35651e-09 5.09048e-10 7.22749e-05 3.17307e-09 9.54481e-09 2.04639e-11 4.94348e-05 1.29263e-17 3.16112e-07 4.55887e-05 5.11196e-09 3.35212e-06 2.51632e-08 0.000346441 7.73724e-05 3.53973e-06 1.67366e-07 3.6134e-05 1.87354e-05 0.000147701 9.919e-07 0.00011921 1.0451e-07 
POCZ: 2.62252e-07 2.468e-10 2.11763e-06 6.10925e-05 2.17283e-07 4.20826e-09 1.43084e-06 2.57442e-06 4.35809e-05 2.03552e-07 1.88282e-09 1.69803e-07 2.0586e-06 2.60284e-09 1.73312e-09 2.46101e-05 3.61396e-10 1.14804e-08 7.88901e-11 3.31252e-05 5.3169e-17 1.09625e-06 5.39133e-05 1.34283e-08 6.39277e-06 2.93768e-10 0.00022675 5.5122e-05 5.97981e-06 7.36735e-08 1.59764e-05 0.00014606 3.4041e-05 5.30158e-08 3.74448e-05 7.50273e-07 
POCZ: 2.62252e-07 2.468e-10 2.11763e-06 6.10925e-05 2.17283e-07 4.20826e-09 1.43084e-06 2.57442e-06 4.35809e-05 2.03552e-07 1.88282e-09 1.69803e-07 2.0586e-06 2.60284e-09 1.73312e-09 2.46101e-05 3.61396e-10 1.14804e-08 7.88901e-11 3.31252e-05 5.3169e-17 1.09625e-06 5.39133e-05 1.34283e-08 6.39277e-06 2.93768e-10 0.00022675 5.5122e-05 5.97981e-06 7.36735e-08 1.59764e-05 0.00014606 3.4041e-05 5.30158e-08 3.74448e-05 7.50273e-07 
wektorL.dat:
POCZ: 7.6766e-08 3.81019e-10 2.46019e-06 5.98646e-05 3.5998e-07 2.59652e-07 2.06874e-08 6.70569e-06 1.12635e-05 2.3944e-06 8.40642e-11 2.23533e-08 3.48152e-06 5.04526e-07 2.44739e-10 0.00117429 1.17871e-12 1.35021e-11 2.49227e-09 2.7138e-09 2.32868e-15 2.14763e-07 0.0168525 8.9445e-09 3.97874e-06 1.0381e-12 0.00012407 2.30744e-05 3.59202e-07 1.07082e-10 3.42919e-06 1.25166e-08 0.000525045 1.8757e-07 1.00898e-05 1.81523e-05 
POCZ: 1.06459e-08 1.7952e-06 5.85722e-07 6.92698e-06 1.9827e-07 4.45985e-11 6.38049e-08 1.66522e-05 8.27172e-07 4.84236e-06 1.648e-11 4.44311e-08 2.24176e-07 4.05568e-07 6.63283e-12 0.00029846 6.43458e-14 8.65795e-12 2.762e-09 3.2402e-06 2.99192e-13 1.74302e-09 0.0425974 2.90031e-09 1.39093e-06 1.06441e-10 0.00139466 3.44431e-05 7.43979e-07 8.21143e-10 2.63975e-05 1.97049e-07 0.000350587 4.37274e-08 1.80164e-05 9.33725e-06 
POCZ: 1.06591e-08 1.94747e-06 5.65443e-07 6.92421e-06 2.02586e-07 4.62737e-11 6.39312e-08 1.76263e-05 7.84489e-07 4.76978e-06 1.61033e-11 4.47467e-08 2.23399e-07 3.9307e-07 6.77973e-12 0.000289003 6.51238e-14 8.7676e-12 2.7453e-09 3.39095e-06 2.84897e-13 1.72516e-09 0.0428839 2.99752e-09 1.33064e-06 1.00654e-10 0.00147826 3.59584e-05 7.19365e-07 8.28021e-10 2.62914e-05 2.01033e-07 0.000340921 4.37547e-08 1.83988e-05 9.62676e-06 
POCZ: 1.06598e-08 1.9475e-06 5.65442e-07 6.92417e-06 2.02583e-07 4.62783e-11 6.39303e-08 1.76259e-05 7.84521e-07 4.76982e-06 1.61031e-11 4.47442e-08 2.23409e-07 3.93064e-07 6.78035e-12 0.000289034 6.51258e-14 8.76799e-12 2.74518e-09 3.39135e-06 2.84884e-13 1.72528e-09 0.0428813 2.99754e-09 1.3307e-06 1.00662e-10 0.00147811 3.59585e-05 7.19411e-07 8.27979e-10 2.62907e-05 2.01042e-07 0.000340935 4.37539e-08 1.83987e-05 9.62541e-06 
POCZ: 1.06598e-08 1.9475e-06 5.65442e-07 6.92417e-06 2.02583e-07 4.62783e-11 6.39303e-08 1.76259e-05 7.84521e-07 4.76982e-06 1.61031e-11 4.47442e-08 2.23409e-07 3.93064e-07 6.78035e-12 0.000289034 6.51258e-14 8.76799e-12 2.74518e-09 3.39135e-06 2.84884e-13 1.72528e-09 0.0428813 2.99754e-09 1.3307e-06 1.00662e-10 0.00147811 3.59585e-05 7.19411e-07 8.27979e-10 2.62907e-05 2.01042e-07 0.000340935 4.37539e-08 1.83987e-05 9.62541e-06 
wektorLi.dat:
POCZ: 1.39984e-07 1.50317e-10 6.31224e-07 3.10852e-05 6.57726e-07 3.1677e-07 5.60185e-06 4.91492e-08 2.05855e-06 1.63989e-05 1.4827e-10 3.82902e-08 2.81488e-07 2.65075e-10 2.85689e-10 5.03873e-05 2.33645e-11 5.64723e-10 1.03445e-12 0.000603968 2.08163e-16 8.33115e-08 0.00690355 7.14524e-09 2.32047e-06 4.77422e-09 0.00449425 5.31582e-05 1.76519e-06 0.000359174 1.32297e-05 0.000408158 1.24336e-05 9.17161e-07 9.1401e-05 4.51959e-07 
POCZ: 1.16255e-07 1.16406e-14 4.94834e-06 0.000250269 2.94445e-08 9.15138e-09 1.44056e-07 4.31481e-06 5.00627e-05 4.16289e-09 5.14422e-07 6.27564e-08 2.10903e-06 3.25119e-09 1.04811e-06 1.0245e-05 2.78699e-09 1.11737e-11 4.07343e-11 4.28456e-05 7.29216e-19 4.30453e-06 1.64634e-05 6.07777e-08 1.59701e-06 8.72615e-12 0.000203163 2.17554e-06 0.000141051 5.15025e-09 2.13162e-06 1.39058e-06 3.53132e-05 8.89394e-08 0.00317612 8.82439e-07 
POCZ: 3.55773e-07 3.9742e-09 9.92773e-07 2.81386e-05 1.79954e-08 1.46968e-09 9.55796e-07 9.13619e-06 1.16395e-05 2.20243e-07 3.22678e-10 4.90025e-08 7.18087e-07 1.7666e-09 8.99049e-10 4.64204e-05 2.00525e-11 2.96484e-09 1.18066e-10 0.00143326 2.28178e-15 2.65376e-07 8.52628e-05 1.38619e-08 3.75873e-06 4.73262e-08 0.000692041 4.11926e-05 6.77424e-06 2.30515e-08 1.47054e-05 0.000183659 3.44246e-05 2.21173e-07 8.06047e-05 2.88812e-07 
POCZ: 7.57057e-07 4.22757e-10 9.16026e-07 3.53831e-05 1.214e-07 2.73675e-09 9.56417e-07 4.89727e-06 1.64244e-05 1.78966e-07 4.74497e-10 8.31256e-08 1.32735e-06 5.9388e-09 7.84124e-10 4.26811e-05 7.67049e-10 6.78101e-09 4.6502e-11 9.22347e-05 1.61913e-16 6.69338e-07 3.88203e-05 1.69781e-08 6.63255e-06 7.96177e-10 0.000773112 4.55807e-05 4.76744e-06 5.2044e-07 1.7109e-05 0.000142956 0.000107984 8.89529e-08 9.6452e-05 2.36712e-07 
POCZ: 7.57057e-07 4.22757e-10 9.16026e-07 3.53831e-05 1.214e-07 2.73675e-09 9.56417e-07 4.89727e-06 1.64244e-05 1.78966e-07 4.74497e-10 8.31256e-08 1.32735e-06 5.9388e-09 7.84124e-10 4.26811e-05 7.67049e-10 6.78101e-09 4.6502e-11 9.22347e-05 1.61913e-16 6.69338e-07 3.88203e-05 1.69781e-08 6.63255e-06 7.96177e-10 0.000773112 4.55807e-05 4.76744e-06 5.2044e-07 1.7109e-05 0.000142956 0.000107984 8.89529e-08 9.6452e-05 2.36712e-07 
wektorM.dat:
POCZ: 6.48686e-10 0.00011594 4.26886e-07 2.37199e-06 2.02854e-07 4.39059e-11 1.15844e-07 0.000127931 3.44816e-07 2.04747e-05 4.72754e-12 3.13472e-08 1.43153e-07 3.57246e-07 8.73346e-12 0.00393216 2.58966e-10 1.03019e-12 7.07613e-11 9.63506e-08 2.78035e-09 1.04968e-09 0.0840672 4.01961e-10 4.91692e-07 1.6097e-07 0.000140792 3.35838e-05 2.44031e-06 1.18754e-12 1.79469e-05 0.000274498 0.0404399 7.51035e-08 6.82593e-06 5.55956e-06 
POCZ: 1.77469e-11 6.7599e-13 4.91048e-07 0.000727813 2.23344e-08 4.04257e-10 0.00133611 7.12477e-05 1.88718e-08 0.000130321 8.10225e-13 1.92997e-07 7.19727e-08 9.71763e-12 2.04206e-12 0.00155825 0.000113265 3.25737e-09 1.02031e-15 4.06291e-10 1.67712e-07 1.1481e-09 1.10026e-05 7.3206e-11 2.11983e-08 4.75894e-09 0.00335239 0.000336521 3.29757e-06 6.43024e-09 2.45499e-05 1.76155e-05 4.5665e-06 0.230448 6.36059e-06 3.68506e-09 
POCZ: 6.52021e-10 0.000113949 4.26659e-07 2.37593e-06 2.05862e-07 4.40825e-11 1.15863e-07 0.000127304 3.45671e-07 2.04398e-05 4.74398e-12 3.14949e-08 1.43759e-07 3.60486e-07 8.71805e-12 0.00392493 2.66273e-10 1.0367e-12 7.02706e-11 9.4287e-08 2.72523e-09 1.05658e-09 0.0836305 4.02541e-10 4.93617e-07 1.55966e-07 0.000141012 3.36058e-05 2.43282e-06 1.2165e-12 1.79713e-05 0.000274052 0.0407626 7.46011e-08 6.8355e-06 5.55652e-06 
POCZ: 3.12788e-10 5.95048e-05 4.87471e-07 2.24668e-06 2.39772e-07 1.32648e-11 1.58677e-07 0.000106278 2.6948e-07 1.66733e-05 7.06568e-12 6.8282e-08 8.08795e-08 3.66084e-07 3.03485e-12 0.000885552 2.90771e-10 8.20858e-13 9.71866e-11 2.19613e-08 3.83719e-09 5.3295e-10 0.134099 3.56855e-10 2.8083e-07 7.00155e-08 0.000450622 3.121e-05 1.20188e-06 3.22319e-12 2.48574e-05 0.000219812 0.0251799 1.08302e-07 7.90115e-06 2.92636e-05 
POCZ: 3.12788e-10 5.95048e-05 4.87471e-07 2.24668e-06 2.39772e-07 1.32648e-11 1.58677e-07 0.000106278 2.6948e-07 1.66733e-05 7.06568e-12 6.8282e-08 8.08795e-08 3.66084e-07 3.03485e-12 0.000885552 2.90771e-10 8.20858e-13 9.71866e-11 2.19613e-08 3.83719e-09 5.3295e-10 0.134099 3.56855e-10 2.8083e-07 7.00155e-08 0.000450622 3.121e-05 1.20188e-06 3.22319e-12 2.48574e-05 0.000219812 0.0251799 1.08302e-07 7.90115e-06 2.92636e-05 
wektorN.dat:
POCZ: 1.23367e-06 3.99284e-13 4.93264e-06 0.000230362 3.77529e-08 2.48685e-06 4.23795e-07 2.88867e-06 0.000130491 9.00038e-08 2.51755e-09 5.33555e-08 6.31477e-06 2.32137e-09 1.12637e-08 4.2295e-05 4.06538e-10 3.63475e-09 1.47392e-10 2.61784e-07 2.57992e-17 1.6747e-05 5.51167e-05 3.67181e-08 6.41023e-06 2.12631e-10 0.00018615 2.45648e-05 1.6641e-06 8.08658e-09 2.65725e-06 9.15817e-06 3.24443e-05 1.36891e-06 5.11828e-05 2.87435e-06 
POCZ: 1.8632e-09 1.10418e-19 5.93308e-07 0.0020712 9.93165e-10 2.8313e-09 0.000342527 1.66999e-06 3.27374e-08 4.03908e-08 3.18136e-12 1.4082e-09 3.87672e-07 2.61742e-10 1.82499e-10 0.0436342 6.75021e-14 1.02075e-10 9.92153e-14 3.46372e-11 7.2006e-16 0.000425607 1.09799e-06 5.78165e-10 2.87409e-07 6.87267e-12 0.000884004 0.00451187 3.97332e-06 2.36488e-08 1.89997e-07 1.19859e-05 1.14328e-05 0.000712401 2.18171e-07 2.65907e-10 
POCZ: 7.57414e-07 4.22931e-10 9.1596e-07 3.53848e-05 1.2139e-07 2.73884e-09 9.56174e-07 4.89753e-06 1.64262e-05 1.78996e-07 4.74366e-10 8.30823e-08 1.32779e-06 5.93897e-09 7.84638e-10 4.27186e-05 7.67014e-10 6.78196e-09 4.64917e-11 9.23155e-05 1.61885e-16 6.69604e-07 3.8808e-05 1.69787e-08 6.63492e-06 7.96578e-10 0.00077257 4.55825e-05 4.76947e-06 5.20132e-07 1.71058e-05 0.00014298 0.000108019 8.8928e-08 9.64424e-05 2.36451e-07 
POCZ: 6.91119e-07 9.7851e-12 3.47134e-06 0.00011224 1.2785e-07 1.15833e-08 1.12218e-06 3.42961e-06 9.08958e-05 8.55646e-08 2.09101e-08 3.34531e-07 3.31567e-06 3.01907e-09 6.34435e-09 1.5552e-05 1.35763e-10 8.2919e-09 7.97041e-11 8.80219e-06 8.76665e-18 1.93479e-06 5.90619e-05 4.58048e-08 6.32161e-06 9.58972e-11 0.000106908 3.39055e-05 1.86553e-05 2.54565e-08 6.52891e-06 4.72357e-05 3.0457e-05 2.92085e-07 2.13066e-05 9.26005e-07 
POCZ: 6.91119e-07 9.7851e-12 3.47134e-06 0.00011224 1.2785e-07 1.15833e-08 1.12218e-06 3.42961e-06 9.08958e-05 8.55646e-08 2.09101e-08 3.34531e-07 3.31567e-06 3.01907e-09 6.34435e-09 1.5552e-05 1.35763e-10 8.2919e-09 7.97041e-11 8.80219e-06 8.76665e-18 1.93479e-06 5.90619e-05 4.58048e-08 6.32161e-06 9.58972e-11 0.000106908 3.39055e-05 1.86553e-05 2.54565e-08 6.52891e-06 4.72357e-05 3.0457e-05 2.92085e-07 2.13066e-05 9.26005e-07 
wektorNi.dat:
POCZ: 1.23277e-08 2.7186e-06 1.48729e-07 4.16887e-06 9.28383e-06 1.79805e-10 1.37366e-08 4.87848e-05 1.69065e-06 3.69819e-06 1.88468e-11 4.41471e-08 5.07169e-07 1.16445e-06 1.10665e-11 0.0020035 9.18126e-12 3.54402e-11 3.46439e-10 5.12932e-07 1.17116e-15 4.05804e-09 0.0139767 1.24778e-09 2.08281e-06 1.22229e-10 0.000231196 7.26312e-05 7.64395e-07 2.22023e-09 4.65782e-05 2.56879e-08 0.00238508 1.3543e-07 2.34923e-05 6.60868e-07 
POCZ: 9.29207e-11 1.02392e-15 6.15928e-08 2.39964e-05 3.06707e-06 1.44448e-09 8.80489e-05 7.06927e-08 3.54855e-08 0.000468032 8.1074e-13 5.02326e-09 1.14346e-07 6.76742e-07 2.70879e-12 0.0116125 9.08989e-15 1.55738e-12 2.80511e-11 3.69514e-11 1.72971e-13 9.13775e-09 1 4.15974e-11 3.65074e-07 2.56746e-14 0.00293975 0.000185045 1.01625e-07 3.78772e-10 1.46996e-05 8.83145e-05 3.86896e-09 0.00105714 8.89964e-07 7.37433e-08 
POCZ: 5.47842e-10 8.35367e-08 8.75874e-07 4.15291e-06 3.53403e-06 1.12116e-08 5.80953e-07 3.25439e-07 2.83333e-07 0.000994308 4.368e-11 5.01827e-08 9.2498e-08 1.05163e-07 5.82284e-12 0.00429598 7.88794e-11 1.26125e-13 6.23994e-13 7.35138e-09 7.75122e-11 5.83097e-10 1 3.44166e-10 6.56702e-07 1.23396e-08 0.000160169 1.29904e-05 4.41345e-06 4.47703e-09 8.20355e-06 0.00011634 0.0221121 1.4449e-06 2.62441e-06 5.82605e-06 
POCZ: 6.73604e-11 2.88763e-05 8.76099e-08 1.19285e-06 6.12977e-05 6.031e-09 1.99494e-07 2.97341e-06 7.24608e-08 0.00117719 2.58262e-12 3.12926e-08 3.91577e-08 4.8881e-08 1.80628e-12 0.00716275 1.3163e-09 2.79695e-13 2.69468e-13 2.09961e-08 1.94839e-11 1.57445e-10 1 6.29657e-11 1.53313e-07 4.80733e-07 0.000416019 7.42194e-05 4.66414e-07 6.20713e-09 3.41171e-05 8.01897e-05 0.0205176 3.44013e-06 9.62798e-06 3.85516e-06 
POCZ: 6.73604e-11 2.88763e-05 8.76099e-08 1.19285e-06 6.12977e-05 6.031e-09 1.99494e-07 2.97341e-06 7.24608e-08 0.00117719 2.58262e-12 3.12926e-08 3.91577e-08 4.8881e-08 1.80628e-12 0.00716275 1.3163e-09 2.79695e-13 2.69468e-13 2.09961e-08 1.94839e-11 1.57445e-10 1 6.29657e-11 1.53313e-07 4.80733e-07 0.000416019 7.42194e-05 4.66414e-07 6.20713e-09 3.41171e-05 8.01897e-05 0.0205176 3.44013e-06 9.62798e-06 3.85516e-06 
wektorO.dat:
POCZ: 5.59526e-07 4.62207e-11 1.48973e-06 8.51109e-05 4.37058e-08 3.80976e-09 4.49486e-07 1.86798e-05 1.70609e-05 8.27546e-08 2.2641e-09 1.36641e-07 2.38323e-06 6.17718e-08 1.23268e-09 9.65499e-06 1.90503e-10 5.35213e-09 5.55825e-11 8.61759e-06 1.05522e-17 1.79244e-07 3.87898e-05 4.85409e-05 1.60364e-05 9.15511e-10 0.000280972 8.66962e-05 1.58298e-05 2.42803e-07 3.75854e-06 0.000125253 5.12852e-05 4.78123e-07 2.55319e-05 1.931e-07 
POCZ: 5.59379e-07 4.62755e-11 1.48972e-06 8.50906e-05 4.37179e-08 3.80887e-09 4.49558e-07 1.86799e-05 1.70562e-05 8.27757e-08 2.26433e-09 1.36665e-07 2.38304e-06 6.17662e-08 1.23235e-09 9.65325e-06 1.90478e-10 5.35309e-09 5.55748e-11 8.62366e-06 1.0549e-17 1.79195e-07 3.87871e-05 4.85311e-05 1.60356e-05 9.15343e-10 0.000281013 8.67076e-05 1.58328e-05 2.42754e-07 3.75938e-06 0.000125237 5.12852e-05 4.77977e-07 2.55286e-05 1.93084e-07 
POCZ: 1.2337e-06 3.99283e-13 4.93268e-06 0.000230362 3.77526e-08 2.48684e-06 4.23798e-07 2.88867e-06 0.00013049 9.00043e-08 2.51753e-09 5.33548e-08 6.31478e-06 2.32142e-09 1.12639e-08 4.22953e-05 4.06542e-10 3.63472e-09 1.47391e-10 2.61784e-07 2.57993e-17 1.6747e-05 5.51163e-05 3.6718e-08 6.41026e-06 2.12632e-10 0.000186151 2.45649e-05 1.66412e-06 8.08675e-09 2.65726e-06 9.15796e-06 3.24448e-05 1.36891e-06 5.11826e-05 2.87434e-06 
POCZ: 1.23065e-06 4.03652e-13 4.9343e-06 0.000229861 3.78584e-08 2.48166e-06 4.24428e-07 2.88954e-06 0.000130158 9.02045e-08 2.52345e-09 5.34815e-08 6.31127e-06 2.3196e-09 1.12414e-08 4.22128e-05 4.05766e-10 3.64092e-09 1.47157e-10 2.63507e-07 2.56885e-17 1.6703e-05 5.50858e-05 3.6668e-08 6.40629e-06 2.12092e-10 0.000186386 2.45912e-05 1.66822e-06 8.06388e-09 2.66249e-06 9.13976e-06 3.24369e-05 1.36573e-06 5.1093e-05 2.87278e-06 
POCZ: 1.23065e-06 4.03652e-13 4.9343e-06 0.000229861 3.78584e-08 2.48166e-06 4.24428e-07 2.88954e-06 0.000130158 9.02045e-08 2.52345e-09 5.34815e-08 6.31127e-06 2.3196e-09 1.12414e-08 4.22128e-05 4.05766e-10 3.64092e-09 1.47157e-10 2.63507e-07 2.56885e-17 1.6703e-05 5.50858e-05 3.6668e-08 6.40629e-06 2.12092e-10 0.000186386 2.45912e-05 1.66822e-06 8.06388e-09 2.66249e-06 9.13976e-06 3.24369e-05 1.36573e-06 5.1093e-05 2.87278e-06 
wektorP.dat:
POCZ: 7.57341e-07 4.22958e-10 9.15973e-07 3.53844e-05 1.21393e-07 2.73875e-09 9.56209e-07 4.89774e-06 1.64271e-05 1.78997e-07 4.74387e-10 8.30872e-08 1.32784e-06 5.93891e-09 7.84625e-10 4.27215e-05 7.66915e-10 6.78167e-09 4.64952e-11 9.23103e-05 1.61881e-16 6.69597e-07 3.88108e-05 1.69788e-08 6.63482e-06 7.96506e-10 0.000772517 4.55831e-05 4.76948e-06 5.20052e-07 1.71056e-05 0.000142965 0.000108015 8.89286e-08 9.64379e-05 2.36485e-07 
POCZ: 1.72128e-06 1.75494e-13 3.06791e-06 0.000250767 4.53221e-08 2.50713e-08 6.49863e-07 3.07968e-06 0.00023275 3.75539e-08 8.77041e-09 1.39273e-07 4.07968e-06 4.01589e-09 1.32407e-08 3.2112e-05 2.74773e-10 4.41785e-09 1.43589e-10 7.80015e-07 4.29094e-17 5.12927e-06 7.245e-05 7.59424e-08 7.93671e-06 2.46252e-10 6.7117e-05 2.28452e-05 7.49636e-06 7.23043e-08 3.15254e-06 9.80089e-05 3.32577e-05 6.94019e-07 4.08325e-05 1.13509e-06 
POCZ: 7.57239e-07 4.23149e-10 9.15902e-07 3.53806e-05 1.21408e-07 2.73831e-09 9.56016e-07 4.89814e-06 1.6424e-05 1.79033e-07 4.74261e-10 8.30804e-08 1.32776e-06 5.94108e-09 7.84415e-10 4.27312e-05 7.66665e-10 6.7792e-09 4.65023e-11 9.22878e-05 1.61933e-16 6.69404e-07 3.88241e-05 1.69775e-08 6.63462e-06 7.96281e-10 0.000772531 4.55826e-05 4.76899e-06 5.19951e-07 1.71059e-05 0.000142906 0.000108039 8.892e-08 9.64318e-05 2.36501e-07 
POCZ: 7.57239e-07 4.23149e-10 9.15902e-07 3.53806e-05 1.21408e-07 2.73831e-09 9.56016e-07 4.89814e-06 1.6424e-05 1.79033e-07 4.74261e-10 8.30804e-08 1.32776e-06 5.94108e-09 7.84415e-10 4.27312e-05 7.66665e-10 6.7792e-09 4.65023e-11 9.22878e-05 1.61933e-16 6.69404e-07 3.88241e-05 1.69775e-08 6.63462e-06 7.96281e-10 0.000772531 4.55826e-05 4.76899e-06 5.19951e-07 1.71059e-05 0.000142906 0.000108039 8.892e-08 9.64318e-05 2.36501e-07 
POCZ: 7.57239e-07 4.23149e-10 9.15902e-07 3.53806e-05 1.21408e-07 2.73831e-09 9.56016e-07 4.89814e-06 1.6424e-05 1.79033e-07 4.74261e-10 8.30804e-08 1.32776e-06 5.94108e-09 7.84415e-10 4.27312e-05 7.66665e-10 6.7792e-09 4.65023e-11 9.22878e-05 1.61933e-16 6.69404e-07 3.88241e-05 1.69775e-08 6.63462e-06 7.96281e-10 0.000772531 4.55826e-05 4.76899e-06 5.19951e-07 1.71059e-05 0.000142906 0.000108039 8.892e-08 9.64318e-05 2.36501e-07 
wektorR.dat:
POCZ: 1.36383e-11 7.31767e-12 5.63666e-07 0.000444171 2.75397e-06 1.98336e-09 1.64107e-06 3.1778e-06 4.92176e-08 0.000343498 3.32617e-13 1.94617e-08 8.15685e-08 1.00005e-10 3.11728e-12 2.03694e-05 2.24428e-06 6.91571e-08 1.00847e-15 1.63419e-09 3.29773e-11 6.38658e-09 3.35745e-06 7.10238e-11 1.16078e-08 0.225676 0.00122749 0.000213021 1.56986e-06 3.06889e-11 2.637e-05 0.148971 3.6025e-08 0.00897167 4.19151e-07 5.09289e-08 
POCZ: 1.97717e-07 2.85711e-09 2.97701e-07 1.60252e-05 9.7672e-07 1.72085e-09 2.80894e-07 2.10619e-05 1.95939e-05 1.3896e-07 5.64571e-10 1.05412e-07 9.19376e-07 5.35694e-09 5.09002e-10 7.22773e-05 3.17342e-09 9.54517e-09 2.0463e-11 4.94309e-05 1.29263e-17 3.16099e-07 4.55911e-05 5.11237e-09 3.35216e-06 2.51651e-08 0.000346434 7.73824e-05 3.53976e-06 1.67382e-07 3.6134e-05 1.87365e-05 0.000147714 9.91979e-07 0.000119202 1.04517e-07 
POCZ: 2.79886e-09 7.87353e-07 2.85013e-07 4.20531e-06 1.63711e-07 2.66529e-10 7.15836e-07 0.000229704 4.74596e-06 6.00546e-07 1.67981e-10 9.45208e-08 1.81088e-07 1.48572e-09 2.62905e-10 0.000237126 3.58534e-07 3.87306e-10 1.87556e-12 5.03729e-06 2.59771e-12 3.92261e-08 0.000345547 5.09811e-10 4.05905e-07 0.000965182 9.6471e-05 5.99979e-05 8.43759e-06 2.96025e-11 2.8924e-05 0.0267517 0.00352142 5.8077e-06 4.26089e-05 3.96606e-07 
POCZ: 2.75082e-10 1.51536e-09 1.0485e-06 0.00174647 1.08988e-06 1.56266e-09 4.17112e-05 8.28174e-09 9.76566e-08 3.39248e-07 4.68041e-13 3.16479e-08 2.05468e-07 2.59673e-10 3.36363e-12 0.000284417 2.51786e-07 1.16492e-08 2.37889e-15 9.11976e-08 2.35366e-10 2.46384e-09 9.37039e-05 7.12115e-11 1.5717e-08 0.0730207 0.000240659 0.000143577 2.94591e-06 3.37178e-09 2.672e-05 0.000601423 8.97451e-05 0.000359743 7.27035e-06 3.86468e-07 
POCZ: 2.75082e-10 1.51536e-09 1.0485e-06 0.00174647 1.08988e-06 1.56266e-09 4.17112e-05 8.28174e-09 9.76566e-08 3.39248e-07 4.68041e-13 3.16479e-08 2.05468e-07 2.59673e-10 3.36363e-12 0.000284417 2.51786e-07 1.16492e-08 2.37889e-15 9.11976e-08 2.35366e-10 2.46384e-09 9.37039e-05 7.12115e-11 1.5717e-08 0.0730207 0.000240659 0.000143577 2.94591e-06 3.37178e-09 2.672e-05 0.000601423 8.97451e-05 0.000359743 7.27035e-06 3.86468e-07 
wektorS.dat:
POCZ: 1.08487e-09 1.24101e-15 8.90855e-07 0.00255034 2.31425e-08 7.03251e-09 1.51045e-05 7.11407e-08 2.31324e-08 5.71796e-05 9.27734e-12 7.17676e-08 1.60082e-06 1.98454e-10 2.55327e-11 0.000117843 5.66773e-12 1.72181e-07 2.72304e-13 1.60746e-08 9.34322e-13 2.61762e-09 0.000555793 5.05467e-09 1.35192e-07 1.1147e-12 1 0.000435708 2.04912e-06 3.24802e-08 1.2695e-05 3.84713e-09 6.03181e-09 0.000109407 2.88344e-06 5.6612e-10 
POCZ: 8.80709e-11 1.65975e-17 1.64999e-08 2.66307e-05 5.42414e-05 5.43735e-10 0.000868739 1.47293e-08 7.86372e-08 6.49069e-05 1.67414e-10 2.33209e-08 1.26944e-06 8.04675e-09 8.05485e-12 2.75878e-05 3.63745e-14 6.95369e-10 2.68535e-12 2.76104e-09 9.61437e-17 3.6177e-07 0.000174719 7.86037e-12 2.65602e-08 3.54892e-14 1 0.000417138 1.72874e-06 5.87858e-09 1.1229e-06 4.72765e-05 1.48195e-09 0.000222863 3.46661e-07 9.97375e-10 
POCZ: 2.39928e-09 2.3528e-15 1.32176e-06 0.00348004 1.03807e-07 9.25486e-09 2.5803e-06 1.25201e-07 1.17674e-07 2.65869e-05 8.53566e-12 5.95864e-08 1.83717e-06 1.70128e-10 4.21581e-11 0.000288166 2.50805e-11 2.19968e-07 1.16185e-13 2.88568e-08 9.71787e-13 3.04429e-09 0.000356923 2.60338e-09 1.59073e-07 2.76566e-12 1 0.000568824 1.49006e-06 2.4813e-08 1.62508e-05 1.63743e-09 8.98922e-09 0.000129545 2.74678e-06 1.02769e-09 
POCZ: 5.94079e-11 2.51307e-15 3.30355e-09 1.26842e-05 9.75046e-06 3.35055e-11 8.87574e-06 1.35649e-07 1.33071e-09 9.92039e-09 2.33785e-09 4.6681e-11 4.94384e-08 9.12392e-11 1.12365e-11 6.05925e-05 1.32249e-14 1.38416e-06 4.52275e-15 2.38519e-09 3.58405e-14 3.81075e-10 6.10973e-06 8.62189e-13 1.91084e-10 7.42323e-12 1 0.00420922 3.13684e-06 3.55492e-10 2.83256e-07 2.71368e-09 3.31035e-07 8.07489e-08 1.1611e-08 3.4231e-10 
POCZ: 5.94079e-11 2.51307e-15 3.30355e-09 1.26842e-05 9.75046e-06 3.35055e-11 8.87574e-06 1.35649e-07 1.33071e-09 9.92039e-09 2.33785e-09 4.6681e-11 4.94384e-08 9.12392e-11 1.12365e-11 6.05925e-05 1.32249e-14 1.38416e-06 4.52275e-15 2.38519e-09 3.58405e-14 3.81075e-10 6.10973e-06 8.62189e-13 1.91084e-10 7.42323e-12 1 0.00420922 3.13684e-06 3.55492e-10 2.83256e-07 2.71368e-09 3.31035e-07 8.07489e-08 1.1611e-08 3.4231e-10 
wektorSi.dat:
POCZ: 1.44522e-09 2.40476e-17 2.45632e-07 0.000470182 3.11351e-07 7.13488e-10 0.000196971 1.10352e-06 6.88958e-09 3.12158e-08 4.41697e-11 7.25744e-09 3.88792e-07 1.11643e-09 1.07731e-10 0.0232658 4.78129e-14 2.74979e-10 4.54673e-15 8.3835e-10 3.26371e-16 2.90554e-06 3.35605e-07 8.02989e-11 2.94105e-09 1.21277e-12 4.53555e-05 1 7.53318e-06 3.72731e-09 3.63831e-07 5.2925e-08 0.00045647 3.17843e-05 3.44418e-07 1.43779e-09 
POCZ: 2.09366e-09 4.9368e-15 4.36924e-10 0.000337698 1.58331e-06 2.73498e-10 6.64309e-06 3.33628e-08 1.32039e-08 2.30251e-07 1.01466e-08 1.34051e-10 7.13899e-08 1.54878e-09 8.39034e-12 1.21427e-05 1.3894e-13 4.35946e-06 2.76754e-13 1.44893e-09 4.50064e-13 7.54357e-09 3.14088e-06 2.92834e-12 2.60764e-09 1.60953e-11 5.75037e-05 1 9.87961e-07 7.44821e-10 1.82973e-07 3.34308e-09 1.02692e-05 1.295e-05 1.57871e-07 2.43134e-10 
POCZ: 9.23e-10 3.79448e-13 1.72753e-08 0.000889699 7.91511e-07 1.52439e-11 3.52045e-05 8.23558e-07 5.60847e-10 5.60109e-06 1.04314e-10 5.72661e-12 1.15525e-07 6.01582e-09 1.46051e-14 0.000957363 2.96573e-15 1.1864e-09 4.00109e-14 1.50193e-10 1.13654e-16 9.87238e-10 6.3334e-07 1.96919e-10 7.11607e-08 3.59916e-13 3.04335e-05 1 1.42055e-07 2.64629e-09 1.52937e-06 2.37969e-08 0.000307073 3.74467e-06 1.95323e-08 3.90155e-10 
POCZ: 2.69383e-09 1.37268e-15 3.72896e-10 8.43956e-05 6.14563e-07 2.39823e-10 6.04147e-07 7.08538e-07 2.80838e-11 2.38422e-06 1.32873e-08 3.95705e-09 9.19703e-08 9.65112e-10 1.10151e-11 1.41162e-06 6.76966e-15 3.87018e-06 1.01641e-13 1.79362e-09 5.7409e-13 3.27271e-10 1.81949e-05 7.7034e-13 7.35071e-10 5.04285e-12 0.000184498 1 9.26442e-06 1.33084e-11 5.10402e-07 1.76191e-07 1.28428e-05 3.80002e-07 3.40817e-07 1.51825e-11 
POCZ: 2.69383e-09 1.37268e-15 3.72896e-10 8.43956e-05 6.14563e-07 2.39823e-10 6.04147e-07 7.08538e-07 2.80838e-11 2.38422e-06 1.32873e-08 3.95705e-09 9.19703e-08 9.65112e-10 1.10151e-11 1.41162e-06 6.76966e-15 3.87018e-06 1.01641e-13 1.79362e-09 5.7409e-13 3.27271e-10 1.81949e-05 7.7034e-13 7.35071e-10 5.04285e-12 0.000184498 1 9.26442e-06 1.33084e-11 5.10402e-07 1.76191e-07 1.28428e-05 3.80002e-07 3.40817e-07 1.51825e-11 
wektorSz.dat:
POCZ: 6.49519e-07 1.16798e-15 8.96904e-06 0.000251029 3.72901e-08 1.29001e-06 1.5718e-06 8.3358e-07 1.03467e-06 7.89251e-09 0.000851684 3.62735e-08 1.90093e-06 7.04761e-11 4.91387e-05 2.70532e-05 2.32163e-09 4.79015e-12 1.02373e-11 3.29442e-05 4.47854e-19 4.766e-07 3.20648e-06 3.16907e-08 1.03419e-07 1.78273e-13 0.000392654 1.6373e-06 0.0685698 1.12874e-08 1.10375e-06 3.58862e-06 1.44807e-05 9.37772e-09 0.0133817 7.80463e-06 
POCZ: 7.4408e-07 2.41095e-14 4.82365e-06 0.00070601 4.16701e-10 2.80289e-06 3.30757e-06 2.46312e-06 1.72979e-06 4.27686e-07 0.000111735 5.72215e-08 5.24627e-07 6.45205e-11 0.000185098 5.28284e-06 1.41611e-09 2.74881e-12 2.48013e-11 3.68313e-07 7.46351e-18 3.57458e-07 1.61491e-07 1.3046e-08 7.85416e-09 7.65731e-15 0.00161807 2.0133e-06 1 4.43731e-07 1.79208e-06 0.000103805 2.49009e-05 5.53842e-10 0.00929392 0.000169873 
POCZ: 7.4408e-07 2.41095e-14 4.82365e-06 0.00070601 4.16701e-10 2.80289e-06 3.30757e-06 2.46312e-06 1.72979e-06 4.27686e-07 0.000111735 5.72215e-08 5.24627e-07 6.45205e-11 0.000185098 5.28284e-06 1.41611e-09 2.74881e-12 2.48013e-11 3.68313e-07 7.46351e-18 3.57458e-07 1.61491e-07 1.3046e-08 7.85416e-09 7.65731e-15 0.00161807 2.0133e-06 1 4.43731e-07 1.79208e-06 0.000103805 2.49009e-05 5.53842e-10 0.00929392 0.000169873 
POCZ: 6.54936e-07 1.16628e-15 8.98909e-06 0.000249515 3.70305e-08 1.35713e-06 1.57145e-06 8.19132e-07 1.04235e-06 7.98737e-09 0.000847788 3.66144e-08 1.91173e-06 7.13412e-11 4.81729e-05 2.76613e-05 2.27141e-09 4.75554e-12 1.0165e-11 3.23943e-05 4.44629e-19 4.85685e-07 3.17732e-06 3.20847e-08 1.04174e-07 1.82013e-13 0.000384603 1.66065e-06 0.069486 1.12829e-08 1.11547e-06 3.66364e-06 1.43294e-05 9.70873e-09 0.0132274 7.65834e-06 
POCZ: 6.54936e-07 1.16628e-15 8.98909e-06 0.000249515 3.70305e-08 1.35713e-06 1.57145e-06 8.19132e-07 1.04235e-06 7.98737e-09 0.000847788 3.66144e-08 1.91173e-06 7.13412e-11 4.81729e-05 2.76613e-05 2.27141e-09 4.75554e-12 1.0165e-11 3.23943e-05 4.44629e-19 4.85685e-07 3.17732e-06 3.20847e-08 1.04174e-07 1.82013e-13 0.000384603 1.66065e-06 0.069486 1.12829e-08 1.11547e-06 3.66364e-06 1.43294e-05 9.70873e-09 0.0132274 7.65834e-06 
wektorT.dat:
POCZ: 6.68672e-07 1.11471e-12 8.67768e-07 6.49052e-05 2.86688e-06 1.38794e-06 4.57475e-06 3.39603e-08 5.28526e-06 6.45521e-06 1.5889e-09 1.13679e-07 7.73637e-07 9.9878e-10 7.39551e-10 3.15369e-05 3.98639e-10 9.8806e-10 4.10592e-13 1.30595e-05 3.27865e-18 3.37309e-07 0.00340595 2.44846e-08 4.01146e-06 3.13669e-11 0.00272918 3.97557e-05 3.15873e-06 0.00335726 7.29385e-06 0.000125624 3.5305e-05 1.52078e-06 6.90675e-05 4.43274e-07 
POCZ: 2.80519e-07 2.84749e-12 7.53412e-07 6.27101e-06 5.34661e-07 3.98089e-07 0.000105039 1.9714e-06 2.43597e-06 2.94759e-06 8.10488e-11 7.43997e-08 4.21095e-07 7.39792e-10 1.67688e-10 7.14971e-06 3.69792e-09 8.06271e-10 1.59061e-13 2.96006e-06 5.44654e-17 4.06935e-07 0.000894083 8.0113e-09 3.57842e-06 1.49139e-12 0.000544364 0.000203921 9.02046e-07 0.103962 5.46276e-06 3.01634e-05 0.0131036 4.10517e-06 8.36678e-05 1.91171e-07 
POCZ: 3.68515e-07 2.09103e-10 1.04444e-06 3.3779e-05 1.41823e-07 8.34175e-10 1.30249e-06 4.06777e-06 1.29532e-05 1.44601e-07 7.02425e-10 1.79266e-07 7.51693e-07 6.09647e-09 2.74891e-10 9.6694e-06 8.64882e-10 5.3686e-09 6.42604e-11 2.06129e-05 2.27273e-16 3.43195e-07 6.56287e-05 1.51513e-08 3.79716e-06 3.50847e-10 0.00245666 4.22045e-05 2.32918e-06 1.42245e-06 2.35149e-05 0.000115366 6.62201e-05 1.29394e-07 0.000112343 1.24623e-06 
POCZ: 2.79303e-07 2.80007e-12 7.64252e-07 6.23778e-06 5.30952e-07 3.90096e-07 0.000105139 1.93785e-06 2.47878e-06 2.96571e-06 8.19852e-11 7.45227e-08 4.20829e-07 7.47853e-10 1.65681e-10 7.20697e-06 3.66745e-09 8.04356e-10 1.59386e-13 2.92664e-06 5.53338e-17 4.07378e-07 0.000888459 7.89089e-09 3.64012e-06 1.51754e-12 0.000531441 0.000200706 9.16776e-07 0.103134 5.48513e-06 2.98332e-05 0.0133217 4.09228e-06 8.2715e-05 1.88274e-07 
POCZ: 2.79303e-07 2.80007e-12 7.64252e-07 6.23778e-06 5.30952e-07 3.90096e-07 0.000105139 1.93785e-06 2.47878e-06 2.96571e-06 8.19852e-11 7.45227e-08 4.20829e-07 7.47853e-10 1.65681e-10 7.20697e-06 3.66745e-09 8.04356e-10 1.59386e-13 2.92664e-06 5.53338e-17 4.07378e-07 0.000888459 7.89089e-09 3.64012e-06 1.51754e-12 0.000531441 0.000200706 9.16776e-07 0.103134 5.48513e-06 2.98332e-05 0.0133217 4.09228e-06 8.2715e-05 1.88274e-07 
wektorU.dat:
POCZ: 3.37754e-11 2.35063e-07 1.89477e-07 3.44716e-06 6.02401e-05 2.76608e-12 1.56483e-07 0.0220847 1.019e-07 0.00115072 4.09135e-12 1.93069e-07 7.98322e-08 6.54296e-07 1.72735e-12 0.00516446 9.87295e-07 6.6403e-12 3.54037e-12 6.43429e-11 7.84034e-11 4.75136e-10 0.000964858 8.15898e-11 9.47655e-08 4.95912e-10 0.000596989 0.000207374 7.77286e-07 5.95319e-13 0.000111421 0.000105675 0.000166282 3.47346e-06 3.79265e-06 3.06295e-06 
POCZ: 1.23369e-06 3.99284e-13 4.93265e-06 0.000230362 3.77525e-08 2.48683e-06 4.23802e-07 2.8887e-06 0.00013049 9.00038e-08 2.51754e-09 5.33552e-08 6.31481e-06 2.32139e-09 1.12638e-08 4.22956e-05 4.06539e-10 3.63474e-09 1.47392e-10 2.61786e-07 2.57991e-17 1.67471e-05 5.51163e-05 3.67182e-08 6.41022e-06 2.12633e-10 0.000186151 2.4565e-05 1.66412e-06 8.08667e-09 2.65726e-06 9.15786e-06 3.24445e-05 1.36893e-06 5.11829e-05 2.87436e-06 
POCZ: 1.30787e-11 1.0487e-06 4.07947e-07 2.37132e-06 7.26513e-06 6.45995e-13 1.68046e-07 0.0145679 1.61906e-07 0.00220632 5.06787e-12 1.17933e-07 4.43985e-08 3.31309e-07 1.14364e-12 0.00888987 1.7932e-08 2.59235e-12 8.98995e-12 6.87837e-10 2.03672e-09 1.8984e-10 0.00178208 3.27549e-11 1.18136e-07 6.86335e-08 0.000196919 9.0368e-05 2.47709e-06 1.84744e-14 0.000118636 8.14956e-05 8.80196e-05 7.13851e-06 1.88266e-06 2.02745e-06 
POCZ: 1.23043e-08 2.72558e-06 1.48484e-07 4.1641e-06 9.31221e-06 1.79699e-10 1.37135e-08 4.88898e-05 1.69127e-06 3.69626e-06 1.88546e-11 4.41642e-08 5.06892e-07 1.16397e-06 1.10612e-11 0.00200483 9.20333e-12 3.54664e-11 3.45972e-10 5.12549e-07 1.16651e-15 4.05433e-09 0.0139772 1.24545e-09 2.08067e-06 1.22888e-10 0.000230917 7.26877e-05 7.64106e-07 2.21682e-09 4.66298e-05 2.56153e-08 0.00238596 1.35936e-07 2.35016e-05 6.60016e-07 
POCZ: 1.23043e-08 2.72558e-06 1.48484e-07 4.1641e-06 9.31221e-06 1.79699e-10 1.37135e-08 4.88898e-05 1.69127e-06 3.69626e-06 1.88546e-11 4.41642e-08 5.06892e-07 1.16397e-06 1.10612e-11 0.00200483 9.20333e-12 3.54664e-11 3.45972e-10 5.12549e-07 1.16651e-15 4.05433e-09 0.0139772 1.24545e-09 2.08067e-06 1.22888e-10 0.000230917 7.26877e-05 7.64106e-07 2.21682e-09 4.66298e-05 2.56153e-08 0.00238596 1.35936e-07 2.35016e-05 6.60016e-07 
wektorW.dat:
POCZ: 9.44405e-11 1.09751e-14 7.39845e-07 2.89174e-06 1.24584e-07 5.63014e-09 0.000634193 0.000282549 1.12661e-07 0.000102181 2.3101e-11 3.44024e-08 4.78501e-08 2.8642e-10 2.44578e-11 4.84649e-06 2.59382e-08 1.12105e-10 1.87948e-15 1.13513e-10 5.38128e-12 1.09641e-06 1.89753e-06 7.02958e-11 6.11147e-08 6.7254e-07 1.44391e-05 0.000111106 3.45162e-06 2.22215e-10 4.87692e-07 1 2.62894e-05 0.0066429 5.89258e-07 5.13608e-08 
POCZ: 1.06301e-10 1.60431e-17 1.59873e-08 3.05009e-05 9.7636e-09 2.858e-08 0.00277942 9.22904e-08 6.77706e-08 9.21733e-05 4.72038e-12 4.10207e-08 5.67967e-08 3.14682e-09 5.65985e-11 0.000413944 1.27266e-11 1.37514e-10 1.2584e-13 2.84686e-11 3.5451e-13 1.3736e-06 0.00569687 3.48165e-11 1.9581e-07 1.31064e-07 0.000133891 4.79921e-05 4.38083e-06 3.27996e-10 3.293e-06 1 5.50273e-09 0.010584 7.74237e-07 9.13062e-09 
POCZ: 1.14327e-08 9.17599e-08 8.47567e-07 9.39174e-06 2.7014e-08 4.53152e-10 2.37476e-06 5.09637e-05 4.16802e-06 7.49706e-07 1.48717e-10 8.0082e-08 2.79939e-07 1.91231e-09 3.94088e-10 0.000140013 1.40787e-07 3.07344e-10 3.72811e-12 6.57619e-06 2.21573e-11 9.17097e-08 0.000267807 1.69189e-09 8.4922e-07 1.97601e-05 0.000214756 3.62e-05 1.08022e-05 1.32599e-10 1.41835e-05 0.162954 0.00298964 4.89559e-07 3.54199e-05 8.61982e-07 
POCZ: 3.84481e-11 7.24877e-12 1.7888e-06 7.6838e-06 2.36617e-05 2.57696e-09 0.000175461 1.83792e-06 1.08171e-07 0.000193719 2.22881e-11 1.99922e-08 1.39295e-07 4.7483e-10 4.83939e-12 0.000311019 3.27461e-10 6.17601e-11 3.31787e-15 2.13919e-08 1.65082e-11 6.54312e-08 1.08922e-05 8.6032e-11 2.12513e-07 1.49869e-07 0.00828961 0.000309522 1.77191e-05 1.03547e-09 4.02816e-05 1 7.5074e-08 0.0188623 1.03232e-06 1.83744e-07 
POCZ: 3.84481e-11 7.24877e-12 1.7888e-06 7.6838e-06 2.36617e-05 2.57696e-09 0.000175461 1.83792e-06 1.08171e-07 0.000193719 2.22881e-11 1.99922e-08 1.39295e-07 4.7483e-10 4.83939e-12 0.000311019 3.27461e-10 6.17601e-11 3.31787e-15 2.13919e-08 1.65082e-11 6.54312e-08 1.08922e-05 8.6032e-11 2.12513e-07 1.49869e-07 0.00828961 0.000309522 1.77191e-05 1.03547e-09 4.02816e-05 1 7.5074e-08 0.0188623 1.03232e-06 1.83744e-07 
wektorY.dat:
POCZ: 6.23885e-10 1.1128e-06 5.886e-07 4.51256e-07 1.93681e-07 1.64007e-11 2.98812e-06 0.00419086 3.22823e-07 3.01468e-06 3.89658e-12 1.32848e-07 1.2087e-07 1.02967e-06 1.76184e-12 0.000126261 4.57061e-08 1.16826e-12 1.49462e-11 1.0669e-10 1.01807e-09 2.60079e-09 0.0194942 3.95281e-10 4.38148e-07 2.21516e-11 5.34865e-05 0.000118421 6.21729e-07 1.03663e-09 1.0296e-05 1.6071e-05 1 4.84986e-07 7.17061e-06 1.22727e-05 
POCZ: 2.6455e-10 1.16997e-05 1.75208e-07 2.11981e-07 1.39645e-06 2.2847e-11 7.11727e-07 0.0200085 4.53857e-07 2.68569e-06 3.55326e-12 1.00463e-07 1.22355e-07 9.1456e-07 2.30708e-12 0.000576875 1.75234e-07 1.91256e-12 5.32364e-12 1.52554e-10 6.55291e-11 1.92668e-09 0.0162327 1.28783e-10 3.21479e-07 1.21602e-09 1.10644e-05 0.0002109 7.39208e-07 1.7199e-10 1.75203e-05 2.44207e-06 1 4.23523e-06 8.04028e-06 1.79787e-06 
POCZ: 6.20774e-10 1.83982e-13 1.87051e-06 0.000373829 4.32906e-08 1.25205e-09 0.000372811 4.19613e-07 4.52424e-08 2.05722e-09 4.43102e-12 8.33402e-09 2.53331e-07 9.8011e-10 1.08377e-10 0.00641406 5.1504e-10 9.59496e-12 6.4974e-16 4.43115e-10 1.29871e-12 3.21408e-06 3.83832e-05 1.44181e-11 2.14593e-08 1.05753e-07 8.36664e-06 0.00275678 3.47463e-06 6.65328e-09 5.94364e-07 0.000133616 1 1.1981e-05 1.47374e-06 4.50647e-08 
POCZ: 8.13386e-10 1.43461e-07 1.28034e-06 5.24138e-07 1.30927e-07 1.32349e-11 2.85079e-06 0.00200544 8.62547e-07 2.98824e-06 1.85514e-11 1.8464e-07 1.52189e-07 1.68331e-06 1.9981e-12 0.000150797 2.18768e-08 9.16097e-13 1.47717e-11 4.36004e-11 7.44407e-10 3.34708e-09 0.017923 3.79706e-10 8.27406e-07 2.71797e-11 1.69397e-05 5.26577e-05 1.99196e-06 4.92357e-10 8.24042e-06 6.38975e-06 1 8.9935e-07 3.64515e-06 8.15308e-06 
POCZ: 8.13386e-10 1.43461e-07 1.28034e-06 5.24138e-07 1.30927e-07 1.32349e-11 2.85079e-06 0.00200544 8.62547e-07 2.98824e-06 1.85514e-11 1.8464e-07 1.52189e-07 1.68331e-06 1.9981e-12 0.000150797 2.18768e-08 9.16097e-13 1.47717e-11 4.36004e-11 7.44407e-10 3.34708e-09 0.017923 3.79706e-10 8.27406e-07 2.71797e-11 1.69397e-05 5.26577e-05 1.99196e-06 4.92357e-10 8.24042e-06 6.38975e-06 1 8.9935e-07 3.64515e-06 8.15308e-06 
wektorZ.dat:
POCZ: 3.96607e-12 3.47083e-14 4.52128e-07 0.00120096 7.73617e-08 1.39192e-10 0.0109817 0.00015593 1.5697e-08 6.5785e-06 2.28014e-12 8.60526e-08 1.45238e-07 6.3285e-11 1.52243e-12 0.000173647 3.51563e-05 6.66961e-09 2.44566e-16 9.37909e-12 1.18929e-09 6.51259e-09 2.97286e-06 1.03923e-11 3.20829e-09 3.15246e-07 0.000994696 0.00121305 4.7552e-06 5.02526e-11 1.65044e-05 5.86636e-06 3.292e-07 1 1.26196e-06 4.90543e-09 
POCZ: 2.81487e-12 3.12988e-14 4.03122e-07 0.000976994 1.21169e-07 1.89165e-10 0.00663899 0.00024593 2.23212e-08 5.83322e-06 3.00386e-12 1.18126e-07 2.24613e-07 7.6439e-11 1.53849e-12 0.000227019 4.28761e-05 6.90651e-09 4.88591e-16 8.61994e-12 5.40952e-10 1.35007e-08 4.64359e-06 1.38474e-11 2.13466e-09 4.97288e-07 0.00135552 0.00298211 5.11993e-06 4.17046e-11 7.35712e-06 4.6761e-06 5.05307e-07 1 9.55616e-07 4.72253e-09 
POCZ: 8.94174e-12 1.18984e-14 1.07771e-06 0.00140769 1.30361e-07 8.37684e-10 0.00521539 1.92854e-05 4.94137e-08 2.59178e-06 5.73073e-12 1.50814e-07 4.84938e-07 4.25273e-11 1.36635e-12 0.000259867 4.80995e-08 3.58445e-09 4.92979e-16 3.69446e-11 4.75763e-09 5.35811e-09 1.09715e-06 1.81807e-10 1.75292e-08 5.93659e-09 0.0106858 0.00149117 1.0305e-05 1.25436e-10 1.46124e-05 0.000509136 1.52125e-07 1 3.41375e-07 3.5704e-08 
POCZ: 1.24707e-11 6.05408e-15 1.17621e-06 0.00224739 1.04126e-08 1.92254e-10 0.0301366 4.26246e-05 1.09546e-08 8.48833e-06 1.83699e-12 6.43787e-08 1.9594e-07 5.87154e-11 1.89517e-12 0.000121477 1.07616e-05 4.42837e-09 5.03048e-16 1.66099e-11 1.83719e-08 1.35277e-08 2.02941e-06 2.84986e-11 5.12401e-09 9.74071e-09 0.00206115 0.000640348 6.36893e-06 1.23212e-10 7.03124e-06 5.0047e-05 2.21704e-07 1 1.24018e-06 9.14413e-09 
POCZ: 1.24707e-11 6.05408e-15 1.17621e-06 0.00224739 1.04126e-08 1.92254e-10 0.0301366 4.26246e-05 1.09546e-08 8.48833e-06 1.83699e-12 6.43787e-08 1.9594e-07 5.87154e-11 1.89517e-12 0.000121477 1.07616e-05 4.42837e-09 5.03048e-16 1.66099e-11 1.83719e-08 1.35277e-08 2.02941e-06 2.84986e-11 5.12401e-09 9.74071e-09 0.00206115 0.000640348 6.36893e-06 1.23212e-10 7.03124e-06 5.0047e-05 2.21704e-07 1 1.24018e-06 9.14413e-09 
wektorZy.dat:
POCZ: 1.35272e-06 1.72593e-11 1.30089e-06 7.26122e-05 3.58386e-08 5.86995e-07 3.61124e-07 4.12657e-06 2.35774e-05 1.88215e-07 5.71077e-11 1.32523e-08 2.52806e-06 4.5687e-09 1.39264e-09 0.000116191 2.2971e-09 2.97247e-09 8.59543e-11 2.74826e-06 4.76656e-16 5.79251e-06 3.62132e-05 1.36155e-08 6.7284e-06 1.76701e-09 0.00134478 3.30224e-05 4.25642e-07 1.65469e-07 6.96269e-06 2.77418e-05 0.000115122 4.16797e-07 0.000231721 7.33435e-07 
POCZ: 1.23368e-06 3.99309e-13 4.93265e-06 0.000230357 3.77524e-08 2.48676e-06 4.23803e-07 2.88867e-06 0.000130488 9.00061e-08 2.51745e-09 5.33539e-08 6.31482e-06 2.32138e-09 1.12635e-08 4.22962e-05 4.06542e-10 3.63472e-09 1.47393e-10 2.61793e-07 2.57997e-17 1.67467e-05 5.51164e-05 3.67171e-08 6.41024e-06 2.12639e-10 0.000186152 2.45652e-05 1.66408e-06 8.08681e-09 2.65729e-06 9.15818e-06 3.24442e-05 1.36889e-06 5.11828e-05 2.87438e-06 
POCZ: 6.28893e-07 4.94712e-15 1.58664e-05 0.000447999 3.1951e-10 5.71399e-06 1.55905e-06 8.30388e-06 6.7045e-07 1.03209e-06 0.000512242 1.89549e-08 1.38137e-06 6.32307e-11 0.000393597 4.97223e-06 3.78461e-09 4.83274e-12 6.25376e-11 3.0643e-07 2.59013e-17 1.29368e-07 3.02503e-07 3.03386e-08 1.48527e-07 2.26055e-14 0.00232319 5.34673e-06 0.000382279 1.54152e-06 9.30118e-07 3.30239e-05 1.33101e-05 3.92325e-10 1 2.02022e-05 
POCZ: 1.88752e-06 7.5818e-12 8.08947e-07 7.90496e-05 4.3027e-08 5.90603e-09 5.53855e-07 4.39939e-06 4.20684e-05 7.85009e-08 1.99048e-10 3.46071e-08 1.63288e-06 7.9055e-09 1.63705e-09 8.81988e-05 1.55238e-09 3.61305e-09 8.37404e-11 8.19055e-06 7.93035e-16 1.77319e-06 4.76101e-05 2.81685e-08 8.33102e-06 2.04647e-09 0.00048506 3.07091e-05 1.91839e-06 1.48103e-06 8.26115e-06 0.000297143 0.000118002 2.11258e-07 0.000184859 2.89567e-07 
POCZ: 1.88752e-06 7.5818e-12 8.08947e-07 7.90496e-05 4.3027e-08 5.90603e-09 5.53855e-07 4.39939e-06 4.20684e-05 7.85009e-08 1.99048e-10 3.46071e-08 1.63288e-06 7.9055e-09 1.63705e-09 8.81988e-05 1.55238e-09 3.61305e-09 8.37404e-11 8.19055e-06 7.93035e-16 1.77319e-06 4.76101e-05 2.81685e-08 8.33102e-06 2.04647e-09 0.00048506 3.07091e-05 1.91839e-06 1.48103e-06 8.26115e-06 0.000297143 0.000118002 2.11258e-07 0.000184859 2.89567e-07 
wektorZi.dat:
POCZ: 5.36923e-10 1.24807e-09 7.33517e-06 5.42287e-05 1.08566e-07 4.6875e-09 3.41457e-05 1.79255e-05 8.01897e-09 9.28156e-07 1.94833e-08 1.93314e-09 3.80079e-07 7.12304e-09 3.70326e-09 3.10168e-05 1.50619e-10 7.35158e-13 6.90408e-11 3.56078e-11 3.68334e-10 1.73835e-09 0.0196368 2.08037e-11 3.41938e-09 4.08641e-10 0.00170756 1.18482e-05 4.05836e-05 8.85352e-15 7.5693e-07 4.90174e-05 0.000426385 2.56087e-07 1.30516e-05 0.0433205 
POCZ: 5.98775e-07 2.55506e-13 3.56498e-06 0.000533034 4.09674e-08 6.34872e-09 1.19591e-07 6.7934e-06 9.87363e-05 3.54012e-08 2.17509e-09 5.87188e-08 2.25098e-06 1.81734e-09 1.41707e-08 2.32283e-06 5.50556e-10 1.14204e-08 1.18034e-10 9.69303e-08 3.25378e-17 7.92172e-07 0.000202207 9.22422e-09 3.93451e-07 8.11588e-12 0.00365499 4.47161e-06 4.07358e-05 6.4139e-09 1.9303e-06 2.83304e-06 2.03321e-05 8.13397e-08 2.34345e-05 0.00153012 
POCZ: 3.64729e-07 2.17208e-10 1.04595e-06 3.35107e-05 1.43308e-07 8.26055e-10 1.31023e-06 4.07063e-06 1.28288e-05 1.45714e-07 7.08937e-10 1.81069e-07 7.49341e-07 6.07974e-09 2.72376e-10 9.57406e-06 8.59122e-10 5.39921e-09 6.39292e-11 2.10467e-05 2.23912e-16 3.39496e-07 6.55624e-05 1.50729e-08 3.78464e-06 3.47078e-10 0.00247331 4.2362e-05 2.34678e-06 1.41068e-06 2.36969e-05 0.000114496 6.60996e-05 1.28394e-07 0.000111665 1.24771e-06 
POCZ: 3.69724e-08 1.95711e-10 2.80935e-06 5.66959e-05 4.24972e-07 7.83383e-08 2.83434e-08 5.57334e-06 8.79674e-06 1.94935e-06 1.25619e-10 4.87055e-08 1.96501e-06 5.16517e-07 8.49748e-11 0.000263497 1.32028e-12 1.07493e-11 3.42662e-09 6.18847e-10 3.22089e-15 1.08901e-07 0.0281413 7.94024e-09 2.26978e-06 4.52398e-13 0.000397672 2.14436e-05 1.76766e-07 2.90356e-10 4.7503e-06 1.0023e-08 0.000321391 2.70775e-07 1.16815e-05 9.57328e-05 
POCZ: 3.69724e-08 1.95711e-10 2.80935e-06 5.66959e-05 4.24972e-07 7.83383e-08 2.83434e-08 5.57334e-06 8.79674e-06 1.94935e-06 1.25619e-10 4.87055e-08 1.96501e-06 5.16517e-07 8.49748e-11 0.000263497 1.32028e-12 1.07493e-11 3.42662e-09 6.18847e-10 3.22089e-15 1.08901e-07 0.0281413 7.94024e-09 2.26978e-06 4.52398e-13 0.000397672 2.14436e-05 1.76766e-07 2.90356e-10 4.7503e-06 1.0023e-08 0.000321391 2.70775e-07 1.16815e-05 9.57328e-05 
wektorZi.dat:
POCZ: 5.36923e-10 1.24807e-09 7.33517e-06 5.42287e-05 1.08566e-07 4.6875e-09 3.41457e-05 1.79255e-05 8.01897e-09 9.28156e-07 1.94833e-08 1.93314e-09 3.80079e-07 7.12304e-09 3.70326e-09 3.10168e-05 1.50619e-10 7.35158e-13 6.90408e-11 3.56078e-11 3.68334e-10 1.73835e-09 0.0196368 2.08037e-11 3.41938e-09 4.08641e-10 0.00170756 1.18482e-05 4.05836e-05 8.85352e-15 7.5693e-07 4.90174e-05 0.000426385 2.56087e-07 1.30516e-05 0.0433205 
POCZ: 5.98775e-07 2.55506e-13 3.56498e-06 0.000533034 4.09674e-08 6.34872e-09 1.19591e-07 6.7934e-06 9.87363e-05 3.54012e-08 2.17509e-09 5.87188e-08 2.25098e-06 1.81734e-09 1.41707e-08 2.32283e-06 5.50556e-10 1.14204e-08 1.18034e-10 9.69303e-08 3.25378e-17 7.92172e-07 0.000202207 9.22422e-09 3.93451e-07 8.11588e-12 0.00365499 4.47161e-06 4.07358e-05 6.4139e-09 1.9303e-06 2.83304e-06 2.03321e-05 8.13397e-08 2.34345e-05 0.00153012 
POCZ: 3.64729e-07 2.17208e-10 1.04595e-06 3.35107e-05 1.43308e-07 8.26055e-10 1.31023e-06 4.07063e-06 1.28288e-05 1.45714e-07 7.08937e-10 1.81069e-07 7.49341e-07 6.07974e-09 2.72376e-10 9.57406e-06 8.59122e-10 5.39921e-09 6.39292e-11 2.10467e-05 2.23912e-16 3.39496e-07 6.55624e-05 1.50729e-08 3.78464e-06 3.47078e-10 0.00247331 4.2362e-05 2.34678e-06 1.41068e-06 2.36969e-05 0.000114496 6.60996e-05 1.28394e-07 0.000111665 1.24771e-06 
POCZ: 3.69724e-08 1.95711e-10 2.80935e-06 5.66959e-05 4.24972e-07 7.83383e-08 2.83434e-08 5.57334e-06 8.79674e-06 1.94935e-06 1.25619e-10 4.87055e-08 1.96501e-06 5.16517e-07 8.49748e-11 0.000263497 1.32028e-12 1.07493e-11 3.42662e-09 6.18847e-10 3.22089e-15 1.08901e-07 0.0281413 7.94024e-09 2.26978e-06 4.52398e-13 0.000397672 2.14436e-05 1.76766e-07 2.90356e-10 4.7503e-06 1.0023e-08 0.000321391 2.70775e-07 1.16815e-05 9.57328e-05 
POCZ: 3.69724e-08 1.95711e-10 2.80935e-06 5.66959e-05 4.24972e-07 7.83383e-08 2.83434e-08 5.57334e-06 8.79674e-06 1.94935e-06 1.25619e-10 4.87055e-08 1.96501e-06 5.16517e-07 8.49748e-11 0.000263497 1.32028e-12 1.07493e-11 3.42662e-09 6.18847e-10 3.22089e-15 1.08901e-07 0.0281413 7.94024e-09 2.26978e-06 4.52398e-13 0.000397672 2.14436e-05 1.76766e-07 2.90356e-10 4.7503e-06 1.0023e-08 0.000321391 2.70775e-07 1.16815e-05 9.57328e-05 
