wektorA.dat:
POCZ: 7.16897e-05 3.75983e-07 1.70855e-05 4.84106e-07 6.72479e-05 0.000975669 6.0535e-07 1.18043e-05 0.0233442 3.04632e-07 1.11631e-05 0.00165572 1.73449e-06 0.00413294 3.47082e-05 2.56107e-07 3.4931e-07 5.53538e-06 4.86212e-07 0.000106725 6.54012e-07 0.0113455 4.21426e-07 0.00408783 0.000676603 2.26689e-05 1.12466e-05 1.09592e-05 3.11654e-05 6.2108e-06 1.45235e-05 0.000761016 2.14851e-07 3.59379e-10 0.318681 3.76621e-12 
POCZ: 1 4.28835e-05 2.27313e-06 2.29974e-05 6.12567e-06 4.84089e-05 1.14456e-06 7.49732e-05 0.000412953 0.000147943 7.74901e-07 0.000966807 1.03268e-07 1.99905e-07 1.74039e-07 5.227e-08 1.04515e-06 3.98711e-07 1.0701e-05 2.89132e-07 7.00345e-06 0.000659808 4.50197e-05 5.33131e-05 2.59162e-06 0.00965465 0.000302881 4.53072e-06 8.45324e-07 4.18561e-06 1.79604e-06 0.0302431 1.37461e-05 2.39056e-09 0.000159185 2.16411e-12 
POCZ: 1 1.4736e-06 9.4914e-07 5.11047e-05 1.60043e-05 1.78813e-05 4.21469e-07 0.000283359 0.000154975 8.15116e-05 2.45387e-07 0.000498516 2.73698e-08 8.1413e-08 1.17936e-07 2.62005e-07 2.64687e-06 6.97126e-08 1.821e-05 3.3496e-05 3.471e-06 0.000142792 0.000169189 4.85589e-06 1.62742e-06 0.0212677 0.000140535 3.84173e-06 2.44661e-07 0.00031601 2.15105e-06 0.00280142 2.95138e-05 4.74126e-09 1.61953e-05 4.88669e-11 
POCZ: 0.157734 0.000167069 7.66361e-06 2.71736e-06 0.000154084 8.59224e-05 1.10184e-06 5.37831e-05 0.00104742 0.00016334 1.68149e-06 0.00169303 2.02273e-07 7.93652e-07 2.22488e-07 3.13545e-08 2.28486e-07 1.46909e-06 0.000402258 4.5962e-06 3.02661e-06 0.000930643 8.77361e-06 9.9717e-05 1.96503e-05 0.000880082 0.000132396 8.97369e-06 2.97907e-06 5.84407e-08 4.43267e-06 0.00335353 6.98476e-05 7.56134e-10 0.000468738 9.38718e-12 
POCZ: 0.157734 0.000167069 7.66361e-06 2.71736e-06 0.000154084 8.59224e-05 1.10184e-06 5.37831e-05 0.00104742 0.00016334 1.68149e-06 0.00169303 2.02273e-07 7.93652e-07 2.22488e-07 3.13545e-08 2.28486e-07 1.46909e-06 0.000402258 4.5962e-06 3.02661e-06 0.000930643 8.77361e-06 9.9717e-05 1.96503e-05 0.000880082 0.000132396 8.97369e-06 2.97907e-06 5.84407e-08 4.43267e-06 0.00335353 6.98476e-05 7.56134e-10 0.000468738 9.38718e-12 
wektorAi.dat:
POCZ: 2.45386e-07 1 1.10244e-06 0.000170546 0.000274151 4.49647e-07 6.55154e-09 0.00163528 1.36711e-05 0.00137143 1.2831e-07 0.00123916 4.16192e-08 1.48035e-05 1.45239e-09 0.000268997 8.27254e-06 8.28278e-07 0.00113281 1.59697e-08 1.12806e-05 9.61568e-06 0.010569 3.38909e-06 4.44466e-07 0.000705738 6.89668e-05 6.66712e-06 5.65973e-07 2.45554e-09 2.75559e-06 0.00306334 1.13248e-05 1.88612e-09 1.24341e-05 1.4012e-10 
POCZ: 3.29285e-06 0.0605219 4.65766e-06 2.92007e-06 0.00116814 1.18025e-05 3.98501e-09 7.84172e-05 0.000369408 7.11759e-06 1.65458e-07 0.00224316 8.34582e-07 0.000526401 8.14591e-09 1.44271e-06 1.11453e-08 0.000206093 0.000656927 2.74736e-08 1.46328e-05 7.2419e-05 6.38638e-05 0.00156653 2.15743e-05 0.0014648 8.19913e-05 5.28281e-05 2.43979e-06 1.29988e-08 2.7534e-06 0.000189046 3.29225e-07 6.01397e-10 0.000312728 1.17303e-10 
POCZ: 3.29285e-06 0.0605219 4.65766e-06 2.92007e-06 0.00116814 1.18025e-05 3.98501e-09 7.84172e-05 0.000369408 7.11759e-06 1.65458e-07 0.00224316 8.34582e-07 0.000526401 8.14591e-09 1.44271e-06 1.11453e-08 0.000206093 0.000656927 2.74736e-08 1.46328e-05 7.2419e-05 6.38638e-05 0.00156653 2.15743e-05 0.0014648 8.19913e-05 5.28281e-05 2.43979e-06 1.29988e-08 2.7534e-06 0.000189046 3.29225e-07 6.01397e-10 0.000312728 1.17303e-10 
wektorB.dat:
POCZ: 3.432e-06 1.12565e-07 0.000175635 5.12605e-05 1.25876e-05 0.00046117 1.82855e-07 2.9495e-06 0.00160968 1.3577e-07 0.000125067 0.00237084 2.24669e-05 0.000180104 0.0032695 6.40447e-06 6.12977e-07 3.38225e-07 8.94071e-08 0.00081488 1.28767e-07 0.00855814 2.62389e-07 0.00108989 0.000135622 1.29591e-05 8.23531e-07 2.36032e-06 0.000917222 7.89221e-06 7.91019e-06 0.000333649 1.83964e-06 2.10112e-09 1 2.69718e-10 
POCZ: 2.36808e-05 1.2477e-08 0.000293241 4.03888e-05 2.02529e-05 0.00388526 2.55223e-06 6.15632e-07 0.000422248 2.54851e-07 0.00141878 0.00173507 2.1537e-05 1.05052e-05 0.0264677 1.53894e-05 4.66411e-07 1.36656e-07 2.24708e-08 0.00144351 6.95017e-08 0.000771683 5.52717e-08 0.00671741 2.40731e-05 6.23039e-07 2.12836e-06 2.08254e-06 0.00430257 1.81747e-05 3.91298e-06 0.00100104 5.66766e-06 2.20986e-10 1 1.79172e-09 
POCZ: 2.36808e-05 1.2477e-08 0.000293241 4.03888e-05 2.02529e-05 0.00388526 2.55223e-06 6.15632e-07 0.000422248 2.54851e-07 0.00141878 0.00173507 2.1537e-05 1.05052e-05 0.0264677 1.53894e-05 4.66411e-07 1.36656e-07 2.24708e-08 0.00144351 6.95017e-08 0.000771683 5.52717e-08 0.00671741 2.40731e-05 6.23039e-07 2.12836e-06 2.08254e-06 0.00430257 1.81747e-05 3.91298e-06 0.00100104 5.66766e-06 2.20986e-10 1 1.79172e-09 
wektorC.dat:
POCZ: 9.15303e-07 1.75892e-12 1.81909e-06 1 1.42676e-06 3.87479e-07 0.0178702 1.63831e-06 2.96319e-08 5.32646e-05 7.97305e-09 2.85375e-05 1.00059e-08 1.12854e-09 6.32302e-09 0.000793569 0.00130465 5.2573e-10 1.25047e-08 1.30502e-06 2.80782e-07 2.61822e-06 0.000167424 3.30612e-09 2.13369e-10 1.16131e-07 0.0338182 0.00832054 7.67123e-09 4.37885e-05 2.74896e-08 0.000301189 7.39408e-07 2.81297e-06 1.84268e-07 3.03611e-10 
POCZ: 1.07025e-05 1.7503e-12 2.80937e-08 1 0.00428886 2.86071e-07 4.45516e-06 1.01067e-06 1.34635e-09 5.52605e-05 5.4502e-06 2.97915e-06 2.1432e-09 2.73889e-10 5.03027e-10 0.000273795 9.90523e-07 1.81942e-11 1.34438e-08 1.01239e-05 8.33142e-11 6.11254e-07 5.56646e-08 9.88157e-10 7.44018e-11 7.04385e-07 2.57495e-05 0.00150134 1.5721e-07 1.58628e-07 1.03752e-08 0.000353537 0.000196842 3.85607e-08 9.83101e-08 5.83159e-09 
POCZ: 2.62636e-07 3.47207e-11 1.02374e-07 1 8.18472e-06 2.49376e-05 0.0066124 0.000149596 6.85687e-08 8.02742e-06 4.09855e-09 0.000159432 3.64113e-09 3.56789e-08 8.27919e-10 0.00183609 0.0106759 1.66186e-11 1.34448e-08 1.69646e-07 1.22147e-05 5.07452e-07 0.000157536 9.21178e-10 1.82286e-11 0.000104925 0.0140731 0.00602587 8.79129e-09 8.96535e-07 9.25492e-09 1.50945e-05 0.000160841 7.24068e-07 9.82033e-09 2.54532e-11 
POCZ: 1.64251e-05 3.07739e-13 5.87939e-08 1 0.0070148 0.000357013 6.38369e-06 7.9741e-07 3.15268e-09 0.0012754 3.72465e-06 3.90128e-05 1.77008e-08 2.8613e-10 3.86414e-08 0.00125287 9.49699e-07 1.66929e-12 1.40279e-07 3.8502e-06 1.87801e-10 4.40456e-06 1.43596e-08 1.04467e-09 1.61972e-11 4.29542e-08 0.000147985 0.00573199 7.40987e-08 8.13382e-07 1.22812e-08 0.0001074 0.000258633 3.07666e-09 2.43201e-07 1.90543e-09 
POCZ: 1.40115e-06 5.80107e-12 6.03071e-07 1 0.000162239 5.73468e-08 0.00165333 4.86757e-05 6.52398e-07 0.000782788 3.42906e-08 0.000571492 2.97459e-08 1.2927e-08 3.51839e-10 7.84313e-05 3.41164e-05 3.19054e-09 1.10602e-07 4.33206e-06 2.3123e-08 4.11044e-05 0.000334397 2.51707e-08 3.86238e-08 3.02532e-07 0.00417955 0.00343643 3.244e-09 3.82536e-07 4.12104e-07 0.00755661 1.25048e-07 0.000171738 2.27599e-08 2.69237e-12 
POCZ: 1.07025e-05 1.7503e-12 2.80937e-08 1 0.00428886 2.86071e-07 4.45516e-06 1.01067e-06 1.34635e-09 5.52605e-05 5.4502e-06 2.97915e-06 2.1432e-09 2.73889e-10 5.03027e-10 0.000273795 9.90523e-07 1.81942e-11 1.34438e-08 1.01239e-05 8.33142e-11 6.11254e-07 5.56646e-08 9.88157e-10 7.44018e-11 7.04385e-07 2.57495e-05 0.00150134 1.5721e-07 1.58628e-07 1.03752e-08 0.000353537 0.000196842 3.85607e-08 9.83101e-08 5.83159e-09 
POCZ: 1.07025e-05 1.7503e-12 2.80937e-08 1 0.00428886 2.86071e-07 4.45516e-06 1.01067e-06 1.34635e-09 5.52605e-05 5.4502e-06 2.97915e-06 2.1432e-09 2.73889e-10 5.03027e-10 0.000273795 9.90523e-07 1.81942e-11 1.34438e-08 1.01239e-05 8.33142e-11 6.11254e-07 5.56646e-08 9.88157e-10 7.44018e-11 7.04385e-07 2.57495e-05 0.00150134 1.5721e-07 1.58628e-07 1.03752e-08 0.000353537 0.000196842 3.85607e-08 9.83101e-08 5.83159e-09 
wektorCi.dat:
POCZ: 2.13032e-05 3.55899e-13 1.45773e-08 1.55871e-08 1 1.49092e-06 7.06755e-05 1.08592e-06 9.236e-08 1.43003e-05 2.96743e-06 8.32815e-05 1.2853e-08 7.35787e-08 6.81778e-09 0.00075177 0.000178427 1.56707e-10 3.39004e-06 7.98234e-06 1.03735e-09 4.19004e-07 0.000284754 1.86381e-08 7.9245e-10 7.67435e-09 0.0030298 0.00319921 3.83372e-09 7.02873e-08 2.23406e-07 0.00273731 0.00029322 2.55315e-07 8.78189e-08 4.63923e-09 
POCZ: 1.52466e-07 1.53613e-10 1.54456e-08 6.17325e-07 1 1.86956e-08 1.33504e-07 0.00115525 1.40345e-05 0.00452684 1.63393e-07 0.000157572 2.83019e-08 4.38367e-08 1.13775e-10 0.00369982 1.61856e-06 3.65559e-13 6.37979e-08 5.88242e-06 7.64071e-09 5.0258e-06 0.000245746 1.84564e-09 1.74274e-08 0.000145425 0.000130988 0.00162967 1.71917e-09 2.08089e-09 1.65226e-06 0.00551601 0.000134094 5.07612e-05 4.46124e-09 2.84052e-10 
POCZ: 1.41601e-08 2.86992e-08 2.37989e-08 4.59095e-06 1 1.57108e-07 1.23015e-08 0.00326623 1.66961e-06 0.000196313 2.03903e-07 0.000445891 1.13003e-08 3.53131e-06 4.29656e-10 0.000951622 5.83839e-05 3.05076e-10 0.000290473 0.000406285 3.33292e-06 8.61963e-06 0.0217038 6.09072e-09 1.47313e-08 2.17315e-05 3.25449e-05 1.29322e-05 6.3059e-08 1.19881e-06 1.90146e-06 0.00543843 2.61258e-05 2.54324e-05 3.05876e-07 1.06956e-11 
POCZ: 1.24233e-06 1.7455e-12 2.68714e-08 1.18628e-05 1 9.33638e-07 6.13868e-05 7.26143e-06 4.18943e-07 1.0545e-05 5.50532e-08 0.000289967 7.8846e-08 9.74034e-07 2.93075e-10 0.00231324 1.06764e-05 2.23681e-11 6.84739e-06 1.03867e-05 3.32632e-10 1.89123e-05 7.69878e-05 6.58937e-10 2.0383e-08 1.92414e-09 0.002827 0.00152606 1.83658e-09 7.29466e-09 8.9048e-07 8.27546e-06 1.30351e-06 2.52059e-06 1.81194e-08 1.26157e-10 
POCZ: 1.24233e-06 1.7455e-12 2.68714e-08 1.18628e-05 1 9.33638e-07 6.13868e-05 7.26143e-06 4.18943e-07 1.0545e-05 5.50532e-08 0.000289967 7.8846e-08 9.74034e-07 2.93075e-10 0.00231324 1.06764e-05 2.23681e-11 6.84739e-06 1.03867e-05 3.32632e-10 1.89123e-05 7.69878e-05 6.58937e-10 2.0383e-08 1.92414e-09 0.002827 0.00152606 1.83658e-09 7.29466e-09 8.9048e-07 8.27546e-06 1.30351e-06 2.52059e-06 1.81194e-08 1.26157e-10 
wektorCz.dat:
POCZ: 2.31098e-05 1.24618e-08 0.00029701 4.61019e-05 1.90825e-05 0.00381854 2.30063e-06 6.13247e-07 0.000406467 2.68838e-07 0.00136825 0.00170105 2.18197e-05 1.10181e-05 0.0266797 1.6888e-05 4.58382e-07 1.39355e-07 2.18665e-08 0.00149169 6.77986e-08 0.000798496 5.38507e-08 0.00651072 2.54118e-05 6.23808e-07 2.03578e-06 2.00947e-06 0.00440571 1.81548e-05 4.02246e-06 0.000966711 5.94647e-06 2.1837e-10 1 1.86353e-09 
POCZ: 8.72941e-06 1.03589e-08 8.48268e-05 0.000160668 5.59926e-06 1 2.05644e-07 3.32231e-07 0.000293385 1.0583e-06 0.00243793 0.0026054 5.79882e-06 0.000129639 0.010273 1.06053e-05 2.71596e-06 2.00386e-08 2.56007e-07 0.000255551 5.63318e-07 0.000323385 1.38824e-08 0.005564 3.44201e-06 1.10185e-05 1.05107e-06 8.44955e-07 0.00353592 4.79933e-05 1.75338e-06 3.31955e-05 7.34486e-05 3.41718e-09 1 9.54814e-10 
POCZ: 1.11917e-05 4.35303e-08 0.000144516 9.90188e-05 2.64955e-05 1 1.34415e-07 7.11429e-07 0.000280381 1.44673e-06 0.00112237 0.00268889 3.74755e-06 0.0001264 0.00719987 6.31652e-06 1.1865e-05 1.47292e-08 3.29279e-07 0.000145535 2.01658e-07 0.00192072 1.18522e-08 0.00477666 1.77218e-06 9.9539e-06 1.47951e-06 3.39976e-07 0.00137955 1.65797e-05 1.33291e-06 2.57529e-05 0.000120559 1.86028e-08 1 1.49788e-09 
POCZ: 1.39525e-06 2.0661e-08 2.87396e-05 0.000128204 2.96804e-05 1 5.06119e-08 7.72954e-08 0.000488564 1.97822e-06 8.00021e-05 0.00166766 4.21506e-06 0.000415707 0.00119898 1.28034e-05 1.72297e-05 1.83577e-08 2.0379e-08 7.21285e-05 2.97292e-07 0.00218742 4.28198e-07 0.000640885 2.01163e-05 0.000266188 7.60401e-07 1.5573e-06 0.000442007 0.00164445 2.12325e-06 2.16112e-05 1.52906e-05 9.49708e-08 1 4.92323e-11 
POCZ: 1.39525e-06 2.0661e-08 2.87396e-05 0.000128204 2.96804e-05 1 5.06119e-08 7.72954e-08 0.000488564 1.97822e-06 8.00021e-05 0.00166766 4.21506e-06 0.000415707 0.00119898 1.28034e-05 1.72297e-05 1.83577e-08 2.0379e-08 7.21285e-05 2.97292e-07 0.00218742 4.28198e-07 0.000640885 2.01163e-05 0.000266188 7.60401e-07 1.5573e-06 0.000442007 0.00164445 2.12325e-06 2.16112e-05 1.52906e-05 9.49708e-08 1 4.92323e-11 
wektorD.dat:
POCZ: 1.345e-06 7.54549e-13 6.56649e-09 3.33543e-05 1.1174e-05 3.95822e-08 1 7.91538e-06 2.1286e-08 0.000190351 1.25439e-08 0.000801157 1.77145e-09 2.49332e-08 2.90811e-09 0.000521442 6.07889e-05 8.80273e-13 2.37398e-09 1.58834e-08 9.23015e-08 2.28613e-05 3.7987e-05 3.23272e-10 1.50946e-09 8.40625e-06 2.77517e-06 0.00533635 4.8343e-09 3.44826e-06 2.06287e-08 0.0103098 5.5937e-05 0.00223996 6.45827e-08 5.11055e-10 
POCZ: 1.40858e-06 7.06259e-12 4.23911e-07 0.000279393 1.583e-07 3.19937e-07 1 0.000198311 8.65985e-08 0.000509994 5.26357e-08 0.000357417 1.04284e-09 2.00593e-08 3.24413e-08 3.55261e-05 0.00588031 4.97376e-13 3.00828e-09 1.4151e-07 3.80101e-06 5.25229e-06 0.000257999 6.78989e-10 3.27745e-10 1.52945e-07 0.0028223 0.00894071 2.27588e-08 5.39156e-05 6.9119e-09 0.0336781 3.1179e-05 8.97032e-06 1.35534e-06 4.55958e-10 
POCZ: 6.13672e-06 7.11179e-12 1.34192e-07 0.000146833 4.68656e-07 7.95441e-08 1 0.000269667 2.97341e-06 0.000484491 2.95814e-08 0.000161826 7.30002e-10 4.102e-08 3.45932e-09 6.4159e-05 0.022327 1.4479e-12 2.28383e-09 1.30969e-06 4.49384e-06 4.51082e-05 0.00165509 3.31904e-09 2.32391e-09 1.45878e-06 0.00164842 0.00194731 3.62742e-09 2.11051e-05 3.22886e-08 0.078509 3.25021e-05 9.24892e-06 1.41527e-07 1.51184e-11 
POCZ: 1.47741e-05 1.69429e-11 2.91154e-08 0.000338281 1.25403e-05 4.2618e-08 1 2.86058e-06 1.74447e-07 0.000393958 2.76363e-09 6.74836e-05 2.07658e-09 1.96676e-07 1.13815e-08 0.00279329 0.000427886 1.64992e-11 2.60001e-09 1.25538e-06 7.50064e-07 1.90162e-05 0.0125931 1.55064e-09 1.18712e-08 1.29488e-05 0.00199701 0.00133115 3.2515e-09 3.89754e-06 7.06674e-08 0.0208722 9.22058e-06 2.5533e-06 8.62947e-08 1.20325e-10 
POCZ: 1.47741e-05 1.69429e-11 2.91154e-08 0.000338281 1.25403e-05 4.2618e-08 1 2.86058e-06 1.74447e-07 0.000393958 2.76363e-09 6.74836e-05 2.07658e-09 1.96676e-07 1.13815e-08 0.00279329 0.000427886 1.64992e-11 2.60001e-09 1.25538e-06 7.50064e-07 1.90162e-05 0.0125931 1.55064e-09 1.18712e-08 1.29488e-05 0.00199701 0.00133115 3.2515e-09 3.89754e-06 7.06674e-08 0.0208722 9.22058e-06 2.5533e-06 8.62947e-08 1.20325e-10 
wektorDZ.dat:
POCZ: 1.16805e-07 2.34754e-08 1.32808e-08 8.03197e-06 1.51771e-05 2.4242e-06 2.23011e-08 1 6.34465e-07 0.057391 3.40148e-07 0.000265632 1.54719e-10 3.34746e-05 2.89476e-09 0.000327493 0.000457405 8.81279e-14 7.88672e-05 2.59667e-07 0.00011048 5.70152e-05 0.0063155 1.08671e-09 6.06134e-10 2.52161e-06 1.96555e-05 1.67773e-05 9.95769e-09 5.08676e-05 5.94912e-08 0.0235093 0.00462736 3.06923e-05 1.19112e-08 4.16097e-10 
POCZ: 2.95056e-05 8.05587e-09 1.08551e-07 5.06546e-05 6.08634e-05 2.63227e-08 1.43791e-07 1 4.08103e-07 0.018642 3.70289e-07 0.002196 1.9961e-09 6.87379e-08 3.3576e-09 2.53653e-05 1.81363e-05 2.64498e-13 4.83663e-07 1.39331e-05 7.73017e-05 2.24255e-05 0.00510344 5.29806e-09 6.48052e-09 7.28572e-06 0.00104569 3.99147e-05 1.0378e-07 5.2945e-08 1.18025e-06 0.0640887 5.94203e-05 2.59322e-07 2.61783e-08 1.95994e-10 
POCZ: 1.08076e-07 1.82098e-09 3.37204e-08 7.4196e-05 2.60235e-06 7.92527e-06 1.05575e-06 1 2.75872e-05 0.00743937 1.20151e-06 0.000690224 6.56618e-10 5.94537e-07 1.28725e-08 8.17392e-05 0.00145151 1.92788e-11 2.69436e-05 5.5512e-06 1.95926e-05 0.000300792 4.67524e-05 2.62086e-09 7.20983e-10 7.66862e-06 5.92869e-06 0.000196153 1.73218e-08 0.000114944 1.98894e-08 0.00140516 0.00155684 4.51282e-05 3.37597e-08 3.44051e-11 
POCZ: 1.90912e-06 2.91299e-09 5.53964e-08 5.74763e-06 1.60513e-05 3.16645e-09 5.29524e-06 1 3.89613e-06 0.0369489 1.09503e-07 0.000965422 5.60995e-10 1.97899e-07 1.07556e-09 0.00014009 9.16383e-05 2.68613e-14 2.81298e-06 2.89518e-06 1.90759e-05 8.72889e-06 0.0267915 3.66168e-09 1.41281e-09 2.97738e-07 2.55414e-05 0.000250772 6.00389e-09 4.07668e-07 6.63304e-08 0.020804 0.00491863 2.04662e-06 1.419e-08 4.88497e-11 
POCZ: 1.90912e-06 2.91299e-09 5.53964e-08 5.74763e-06 1.60513e-05 3.16645e-09 5.29524e-06 1 3.89613e-06 0.0369489 1.09503e-07 0.000965422 5.60995e-10 1.97899e-07 1.07556e-09 0.00014009 9.16383e-05 2.68613e-14 2.81298e-06 2.89518e-06 1.90759e-05 8.72889e-06 0.0267915 3.66168e-09 1.41281e-09 2.97738e-07 2.55414e-05 0.000250772 6.00389e-09 4.07668e-07 6.63304e-08 0.020804 0.00491863 2.04662e-06 1.419e-08 4.88497e-11 
wektorDZy.dat:
POCZ: 1.00792e-05 2.01552e-08 0.000336774 0.000137812 7.99382e-06 3.30821e-05 1.03258e-06 1.10132e-06 0.00029759 1.28594e-07 0.00218413 0.000681114 8.17438e-06 4.35796e-06 0.0113458 1.30842e-05 1.81715e-07 1.67212e-07 3.70866e-08 0.00294661 1.0765e-07 0.00163023 5.44184e-08 0.00366554 2.62921e-05 8.13721e-07 9.79547e-07 2.57971e-06 0.0655065 2.67651e-05 6.4239e-06 0.000482954 1.09898e-05 3.6389e-10 1 7.08256e-10 
POCZ: 5.30431e-06 1.14951e-07 0.000139523 4.78885e-06 3.66439e-05 0.000629262 1.17451e-06 3.1594e-06 0.00318102 5.19808e-08 0.000239996 0.00338029 1.77845e-05 7.67124e-05 0.00282154 1.21007e-06 8.36528e-07 2.38273e-07 1.45665e-07 0.000451513 2.00533e-07 0.00466087 4.18241e-07 0.00190915 5.13393e-05 1.26731e-05 1.82263e-06 4.46347e-06 0.000601463 8.05209e-06 4.82791e-06 0.000623277 7.79348e-07 2.59958e-09 1 1.33176e-10 
POCZ: 1.12398e-05 6.0375e-07 0.000119149 9.3242e-06 4.72322e-06 0.000341239 2.3358e-07 4.34428e-06 1 6.80127e-07 0.000101788 0.00199108 1.56518e-05 0.000254006 0.000948937 1.49603e-05 4.01504e-07 1.13808e-06 2.45854e-07 0.00993976 1.41165e-07 0.0606947 3.65678e-07 0.00303419 0.000736156 7.7579e-05 1.34568e-07 1.90707e-05 0.00022851 2.20168e-06 5.52115e-06 0.000155868 1.23548e-06 2.23999e-09 1 7.13445e-11 
POCZ: 1.12398e-05 6.0375e-07 0.000119149 9.3242e-06 4.72322e-06 0.000341239 2.3358e-07 4.34428e-06 1 6.80127e-07 0.000101788 0.00199108 1.56518e-05 0.000254006 0.000948937 1.49603e-05 4.01504e-07 1.13808e-06 2.45854e-07 0.00993976 1.41165e-07 0.0606947 3.65678e-07 0.00303419 0.000736156 7.7579e-05 1.34568e-07 1.90707e-05 0.00022851 2.20168e-06 5.52115e-06 0.000155868 1.23548e-06 2.23999e-09 1 7.13445e-11 
wektorDZi.dat:
POCZ: 3.19254e-08 2.49554e-11 2.251e-09 0.000346264 0.000539713 1.75792e-06 2.73539e-05 7.71731e-08 8.86047e-08 1 1.48569e-07 0.000120098 1.08236e-08 1.09473e-07 8.21508e-10 0.000109509 1.0083e-06 1.99404e-14 1.33024e-05 1.02136e-07 1.03158e-07 1.81538e-07 0.00312022 2.8404e-10 2.41739e-10 5.03441e-07 2.83608e-05 0.00473389 7.5939e-10 2.39155e-07 3.55077e-07 0.0154236 2.84673e-06 1.37173e-05 2.84581e-07 3.44915e-10 
POCZ: 1.07405e-05 4.41117e-09 2.39724e-08 1.37828e-05 1.47258e-06 0.000107459 3.16804e-06 0.000417906 3.44381e-06 1 2.46299e-08 0.000482077 6.41387e-11 2.74474e-07 6.57407e-10 0.0342877 0.00317862 3.07864e-15 5.60338e-08 2.09682e-07 5.09373e-05 1.98778e-06 0.0526573 1.38099e-08 5.73052e-10 0.000652017 4.16795e-05 0.000341082 4.93867e-09 0.000219067 1.21686e-07 0.021156 0.00125054 0.000147393 4.97673e-08 4.42392e-11 
POCZ: 2.71698e-05 6.82494e-06 1.03364e-06 2.57319e-05 3.96187e-05 5.6535e-06 3.92576e-05 3.00573e-06 1.86258e-08 1 9.15483e-09 0.000838007 1.25351e-08 4.38906e-07 9.07477e-08 0.00014215 1.66715e-05 1.66831e-09 1.65528e-06 1.60354e-09 6.371e-07 4.20496e-07 0.0222764 6.64367e-06 2.35946e-07 2.16083e-08 0.000232703 1.05159e-05 7.49132e-08 1.0455e-06 1.949e-06 0.0530604 9.15365e-06 2.06115e-08 5.54804e-05 2.02186e-09 
POCZ: 2.71698e-05 6.82494e-06 1.03364e-06 2.57319e-05 3.96187e-05 5.6535e-06 3.92576e-05 3.00573e-06 1.86258e-08 1 9.15483e-09 0.000838007 1.25351e-08 4.38906e-07 9.07477e-08 0.00014215 1.66715e-05 1.66831e-09 1.65528e-06 1.60354e-09 6.371e-07 4.20496e-07 0.0222764 6.64367e-06 2.35946e-07 2.16083e-08 0.000232703 1.05159e-05 7.49132e-08 1.0455e-06 1.949e-06 0.0530604 9.15365e-06 2.06115e-08 5.54804e-05 2.02186e-09 
wektorE.dat:
POCZ: 3.372e-05 1.26976e-08 0.000243401 5.90631e-06 4.81559e-05 0.00499235 1.15308e-05 6.51038e-07 0.000734189 1.17039e-07 0.00240454 0.00231287 1.78137e-05 5.25487e-06 0.0235555 3.98539e-06 6.00441e-07 1.02833e-07 3.33755e-08 0.000894815 9.95696e-08 0.000469986 8.06932e-08 0.0105544 1.09528e-05 6.11887e-07 4.05515e-06 3.49251e-06 0.00305802 1.84672e-05 2.62226e-06 0.00166123 2.82364e-06 2.62706e-10 1 1.01121e-09 
POCZ: 3.48767e-05 1.89503e-08 0.000991454 8.56019e-06 2.20474e-05 0.00380411 3.71214e-05 8.61808e-07 0.000225895 1.61248e-07 0.194768 0.00136391 2.90556e-05 5.25238e-06 0.0118393 1.68337e-06 3.28733e-07 1.90126e-07 5.19298e-08 0.0014405 8.063e-08 0.000199086 1.84896e-07 0.00483976 2.28034e-05 2.62064e-07 1.09003e-05 2.07456e-06 0.00763603 9.4042e-06 2.4972e-06 0.000718286 1.26386e-06 1.65858e-10 1 1.85643e-09 
POCZ: 3.49881e-05 1.2725e-08 0.000238655 4.82451e-06 5.2748e-05 0.0051242 1.35096e-05 6.55018e-07 0.000778347 1.07829e-07 0.00254074 0.00238403 1.74614e-05 4.88724e-06 0.0232613 3.4567e-06 6.16626e-07 9.98152e-08 3.4802e-08 0.000850812 1.03417e-07 0.000446241 8.39895e-08 0.0110645 1.00842e-05 6.10976e-07 4.33926e-06 3.68794e-06 0.00294944 1.84961e-05 2.51431e-06 0.00175194 2.62353e-06 2.67611e-10 1 9.51898e-10 
POCZ: 5.92289e-06 5.09198e-08 5.41648e-05 1.18881e-06 7.18331e-05 0.000969117 1.89845e-06 8.41057e-06 0.00121949 8.14336e-08 0.000159918 0.00272288 3.03065e-06 0.000553184 0.000903024 6.34442e-07 1.23424e-07 8.79577e-08 1.33834e-07 0.000137573 3.45983e-07 0.01353 8.4484e-07 0.000692284 5.61303e-05 9.55653e-06 1.3947e-05 1.31339e-05 0.000176194 3.4917e-06 9.26834e-06 0.000166749 7.20039e-07 9.24012e-10 1 7.82106e-11 
POCZ: 5.92289e-06 5.09198e-08 5.41648e-05 1.18881e-06 7.18331e-05 0.000969117 1.89845e-06 8.41057e-06 0.00121949 8.14336e-08 0.000159918 0.00272288 3.03065e-06 0.000553184 0.000903024 6.34442e-07 1.23424e-07 8.79577e-08 1.33834e-07 0.000137573 3.45983e-07 0.01353 8.4484e-07 0.000692284 5.61303e-05 9.55653e-06 1.3947e-05 1.31339e-05 0.000176194 3.4917e-06 9.26834e-06 0.000166749 7.20039e-07 9.24012e-10 1 7.82106e-11 
wektorEi.dat:
POCZ: 0.000295795 8.21659e-06 8.6755e-06 1.92584e-05 0.000154769 0.000285551 8.20414e-08 8.60365e-06 0.00144576 1.75181e-06 3.75783e-08 0.00761428 7.01007e-07 0.000167586 3.99279e-07 5.81973e-09 8.94557e-07 8.55838e-06 1.61146e-06 1.34146e-07 8.33431e-07 6.23292e-05 9.97791e-07 0.0987323 1.39662e-05 0.0126882 0.000304746 3.354e-05 1.1876e-05 5.45671e-09 4.4881e-06 0.000367337 1.27878e-06 7.49314e-09 0.00494554 4.57496e-13 
POCZ: 2.89228e-06 1.85713e-07 0.000148719 6.83667e-06 1.93883e-05 0.000312839 1.55955e-06 3.07369e-06 0.00246311 1.11521e-07 8.64631e-06 0.00851046 1.62978e-05 5.69501e-05 0.00241476 7.0379e-07 6.74823e-07 3.08197e-07 1.34454e-07 0.000945846 1.27934e-07 0.00929861 3.19445e-07 0.0012838 0.000105619 1.25448e-05 2.7561e-06 3.57223e-06 0.00107189 5.98888e-06 4.61227e-06 0.000964722 3.34573e-07 1.60907e-09 1 2.71381e-10 
POCZ: 2.89228e-06 1.85713e-07 0.000148719 6.83667e-06 1.93883e-05 0.000312839 1.55955e-06 3.07369e-06 0.00246311 1.11521e-07 8.64631e-06 0.00851046 1.62978e-05 5.69501e-05 0.00241476 7.0379e-07 6.74823e-07 3.08197e-07 1.34454e-07 0.000945846 1.27934e-07 0.00929861 3.19445e-07 0.0012838 0.000105619 1.25448e-05 2.7561e-06 3.57223e-06 0.00107189 5.98888e-06 4.61227e-06 0.000964722 3.34573e-07 1.60907e-09 1 2.71381e-10 
wektorF.dat:
POCZ: 3.46028e-06 1.12411e-07 0.000175057 4.93857e-05 1.28035e-05 0.000464116 1.88607e-07 2.94933e-06 0.00162525 1.33809e-07 0.0001266 0.00238338 2.23856e-05 0.000177355 0.00326704 6.24487e-06 6.15808e-07 3.36154e-07 9.00026e-08 0.000807745 1.29605e-07 0.00846165 2.64016e-07 0.00110097 0.000133411 1.29249e-05 8.3436e-07 2.38387e-06 0.000912196 7.89949e-06 7.8455e-06 0.000337178 1.81678e-06 2.1047e-09 1 2.671e-10 
POCZ: 5.32071e-06 1.15158e-07 0.000139478 4.7518e-06 3.67341e-05 0.000629328 1.18123e-06 3.15923e-06 0.00318264 5.18931e-08 0.000239596 0.00338181 1.77576e-05 7.65675e-05 0.00281519 1.20327e-06 8.38452e-07 2.38819e-07 1.45976e-07 0.000450341 2.00926e-07 0.0046402 4.18518e-07 0.00191614 5.12888e-05 1.26696e-05 1.82764e-06 4.47441e-06 0.0005998 8.06015e-06 4.82126e-06 0.00062499 7.75856e-07 2.60061e-09 1 1.32831e-10 
POCZ: 3.78208e-06 1.13105e-07 0.000166848 3.02054e-05 1.59727e-05 0.000494168 2.76892e-07 2.99523e-06 0.00187381 1.09614e-07 0.000144603 0.00256612 2.1325e-05 0.000148858 0.00316399 4.41666e-06 6.57016e-07 3.12788e-07 9.96908e-08 0.000714464 1.42148e-07 0.0074742 2.91173e-07 0.00123524 0.000109218 1.28938e-05 9.83355e-07 2.72124e-06 0.000834807 7.92679e-06 7.08536e-06 0.000383593 1.51871e-06 2.20337e-09 1 2.30441e-10 
POCZ: 3.76861e-06 1.06101e-07 0.000156024 2.89663e-05 1.63361e-05 0.000506672 2.72828e-07 3.22562e-06 0.00170661 1.16574e-07 0.000137644 0.00249829 1.87098e-05 0.000177756 0.00290836 4.40127e-06 5.61376e-07 2.92349e-07 9.76965e-08 0.000662271 1.46472e-07 0.0082579 3.03527e-07 0.00112388 0.000112992 1.26222e-05 1.12625e-06 2.9068e-06 0.000767902 7.42514e-06 7.55702e-06 0.000340232 1.54634e-06 2.02129e-09 1 2.25492e-10 
POCZ: 3.76861e-06 1.06101e-07 0.000156024 2.89663e-05 1.63361e-05 0.000506672 2.72828e-07 3.22562e-06 0.00170661 1.16574e-07 0.000137644 0.00249829 1.87098e-05 0.000177756 0.00290836 4.40127e-06 5.61376e-07 2.92349e-07 9.76965e-08 0.000662271 1.46472e-07 0.0082579 3.03527e-07 0.00112388 0.000112992 1.26222e-05 1.12625e-06 2.9068e-06 0.000767902 7.42514e-06 7.55702e-06 0.000340232 1.54634e-06 2.02129e-09 1 2.25492e-10 
wektorG.dat:
POCZ: 6.47094e-06 3.1788e-07 5.33974e-05 1.02929e-06 4.41767e-05 0.000396647 1.27408e-06 1.74617e-05 0.000208968 1.37712e-07 1.07195e-05 0.00185937 2.27292e-06 0.0092764 6.83046e-05 1.13281e-07 1.78433e-07 2.0476e-06 3.03978e-07 1.41529e-05 1.93691e-07 0.000311947 3.19231e-07 0.0269834 0.000365128 2.75353e-05 8.12194e-06 4.07184e-05 7.23089e-05 1.43966e-05 5.06613e-06 0.000709028 1.23515e-07 6.07676e-10 1 2.52045e-11 
POCZ: 1.96952e-07 7.18546e-09 8.45916e-08 7.2624e-07 0.00168968 0.00428844 1.95859e-08 0.000107672 0.000176893 6.80487e-06 1.22269e-06 0.000305324 1.19485e-08 1 1.04757e-07 3.77098e-06 1.01587e-05 2.15494e-11 0.00936627 0.00388047 5.04277e-06 4.98306e-06 0.000529819 0.000115505 8.04398e-06 2.06421e-06 3.30307e-06 3.64332e-06 1.59995e-07 0.0187071 6.02401e-07 4.39386e-05 0.000159097 2.09072e-08 0.000768322 6.75582e-12 
POCZ: 2.85552e-07 6.3589e-06 7.73921e-08 5.48615e-07 0.001303 0.00635198 7.48045e-08 2.54541e-05 0.000248289 4.3196e-05 6.40286e-07 0.000677855 3.48383e-08 1 1.66848e-07 8.05077e-06 1.6297e-06 3.12817e-11 0.0719337 6.67376e-06 3.65224e-06 0.00117623 0.000252082 0.000146147 7.32964e-06 2.09316e-06 9.84661e-06 1.13879e-06 6.39597e-07 1.78134e-05 3.02577e-07 0.000120281 0.000293481 2.18e-08 0.000858686 2.56519e-12 
POCZ: 1.30356e-06 1.02443e-05 2.31359e-06 5.98382e-07 3.88422e-05 0.0404097 6.42336e-09 2.57892e-05 0.00226267 5.30397e-06 6.18322e-06 0.00326967 2.96601e-07 1 5.83042e-07 5.07045e-07 2.28807e-07 7.06591e-09 4.23587e-05 1.78288e-06 1.1677e-05 0.000105934 5.31269e-06 0.0151789 0.000114099 0.000211685 3.37978e-06 1.43472e-05 1.65923e-05 3.5941e-06 4.38659e-06 2.11252e-05 2.09956e-06 1.66222e-09 0.038804 6.62944e-12 
POCZ: 1.30356e-06 1.02443e-05 2.31359e-06 5.98382e-07 3.88422e-05 0.0404097 6.42336e-09 2.57892e-05 0.00226267 5.30397e-06 6.18322e-06 0.00326967 2.96601e-07 1 5.83042e-07 5.07045e-07 2.28807e-07 7.06591e-09 4.23587e-05 1.78288e-06 1.1677e-05 0.000105934 5.31269e-06 0.0151789 0.000114099 0.000211685 3.37978e-06 1.43472e-05 1.65923e-05 3.5941e-06 4.38659e-06 2.11252e-05 2.09956e-06 1.66222e-09 0.038804 6.62944e-12 
wektorH.dat:
POCZ: 3.06313e-05 1.26383e-08 0.000256034 9.95664e-06 3.80578e-05 0.00466333 7.65575e-06 6.4122e-07 0.000631764 1.44599e-07 0.00208268 0.00213947 1.87557e-05 6.34228e-06 0.0243137 5.75183e-06 5.60615e-07 1.11094e-07 2.99755e-08 0.00101904 9.03003e-08 0.000537807 7.28098e-08 0.00933668 1.35665e-05 6.14893e-07 3.40395e-06 3.03485e-06 0.00335558 1.83864e-05 2.9234e-06 0.00144787 3.41149e-06 2.50635e-10 1 1.18129e-09 
POCZ: 2.8132e-05 1.25844e-08 0.000267791 1.5824e-05 3.08909e-05 0.00438998 5.32259e-06 6.32657e-07 0.000552929 1.74406e-07 0.00183493 0.00199598 1.96337e-05 7.49471e-06 0.0250067 7.96596e-06 5.27535e-07 1.18968e-07 2.7249e-08 0.00114343 8.28114e-08 0.000606034 6.6467e-08 0.00837398 1.64e-05 6.17587e-07 2.91391e-06 2.67935e-06 0.00364345 1.83164e-05 3.21953e-06 0.00128144 4.03581e-06 2.40429e-10 1 1.35574e-09 
POCZ: 2.25547e-05 1.24469e-08 0.000300874 5.26593e-05 1.79712e-05 0.00375316 2.07255e-06 6.10902e-07 0.000391186 2.8375e-07 0.00131919 0.00166745 2.21087e-05 1.15584e-05 0.0268965 1.85436e-05 4.50481e-07 1.42121e-07 2.12756e-08 0.00154198 6.61343e-08 0.000826337 5.2462e-08 0.00631036 2.68367e-05 6.24597e-07 1.94698e-06 1.93903e-06 0.00451 1.81336e-05 4.13537e-06 0.000933468 6.23977e-06 2.15787e-10 1 1.93884e-09 
POCZ: 5.26199e-06 1.14962e-07 0.000140193 5.01329e-06 3.58746e-05 0.000625215 1.13271e-06 3.15574e-06 0.00313864 5.2982e-08 0.000237004 0.00335543 1.78605e-05 7.79498e-05 0.00283066 1.25035e-06 8.31803e-07 2.39825e-07 1.44273e-07 0.000456896 1.98898e-07 0.00471454 4.14633e-07 0.00188964 5.23347e-05 1.26779e-05 1.79565e-06 4.41116e-06 0.00060621 8.04666e-06 4.87487e-06 0.000615878 7.92232e-07 2.58975e-09 1 1.35042e-10 
POCZ: 5.26199e-06 1.14962e-07 0.000140193 5.01329e-06 3.58746e-05 0.000625215 1.13271e-06 3.15574e-06 0.00313864 5.2982e-08 0.000237004 0.00335543 1.78605e-05 7.79498e-05 0.00283066 1.25035e-06 8.31803e-07 2.39825e-07 1.44273e-07 0.000456896 1.98898e-07 0.00471454 4.14633e-07 0.00188964 5.23347e-05 1.26779e-05 1.79565e-06 4.41116e-06 0.00060621 8.04666e-06 4.87487e-06 0.000615878 7.92232e-07 2.58975e-09 1 1.35042e-10 
wektorI.dat:
POCZ: 6.45984e-07 1.52294e-06 7.99071e-05 5.75452e-06 5.52115e-05 0.000113209 7.12654e-08 4.02501e-06 0.000541664 3.78902e-07 7.75983e-05 0.00362291 1.18345e-05 0.0011334 0.000293924 2.97698e-05 1.3077e-07 2.47061e-09 7.18656e-07 0.000178713 7.58677e-07 0.00079251 1.61163e-05 0.000563122 5.81045e-05 2.09419e-06 8.15981e-07 3.00007e-06 0.000410757 1.3214e-06 8.30526e-06 0.00013058 1.93741e-06 7.07057e-10 1 1.02123e-09 
POCZ: 6.89082e-09 2.13421e-09 1.64111e-07 0.00109701 0.000614751 2.42463e-08 6.65548e-05 1.51058e-05 5.72652e-09 0.000262909 6.76194e-07 0.000169772 3.35099e-08 3.835e-08 2.64005e-08 1 0.000401283 3.31239e-13 4.07755e-08 0.000213179 1.28243e-07 2.68809e-05 0.00683316 4.50965e-09 1.63223e-08 7.75752e-08 4.88534e-06 0.000114217 5.17311e-07 7.23399e-06 4.47981e-07 0.000676011 1.17245e-05 1.2849e-05 3.89066e-07 1.12854e-08 
POCZ: 7.21221e-08 1.36341e-08 1.65544e-09 0.000184977 0.000100406 1.91884e-06 3.9109e-05 5.5113e-05 5.53391e-07 0.00419064 4.01854e-08 0.00080056 6.88741e-10 8.60589e-07 6.51571e-10 1 0.00240817 3.77407e-13 1.86185e-08 2.96932e-06 1.34437e-05 5.35785e-06 0.00647408 4.91338e-09 4.10598e-10 0.0040333 9.98452e-06 0.000825863 1.13939e-08 0.000167069 1.43713e-07 1.94998e-05 8.10775e-06 0.001342 7.9019e-08 2.12157e-10 
POCZ: 4.1999e-07 3.8057e-12 1.39281e-09 0.000406568 0.00433676 3.34593e-09 8.36509e-06 8.47002e-07 4.44642e-07 0.00047478 1.08492e-08 0.000348606 2.75863e-09 9.77095e-08 1.391e-10 1 5.89105e-06 6.36436e-15 9.71168e-09 3.50106e-07 3.78436e-08 4.94022e-06 0.000386898 3.24667e-09 4.5101e-10 8.42775e-05 5.29166e-05 0.0113868 1.53007e-08 4.70134e-09 1.57842e-07 0.0434661 1.41287e-05 1.00281e-05 3.02888e-09 9.46984e-11 
POCZ: 4.1999e-07 3.8057e-12 1.39281e-09 0.000406568 0.00433676 3.34593e-09 8.36509e-06 8.47002e-07 4.44642e-07 0.00047478 1.08492e-08 0.000348606 2.75863e-09 9.77095e-08 1.391e-10 1 5.89105e-06 6.36436e-15 9.71168e-09 3.50106e-07 3.78436e-08 4.94022e-06 0.000386898 3.24667e-09 4.5101e-10 8.42775e-05 5.29166e-05 0.0113868 1.53007e-08 4.70134e-09 1.57842e-07 0.0434661 1.41287e-05 1.00281e-05 3.02888e-09 9.46984e-11 
wektorJ.dat:
POCZ: 4.29561e-07 5.70209e-11 2.52129e-07 0.00441394 9.27342e-07 2.65234e-05 0.000325513 0.000110539 1.07101e-05 0.00141757 1.12591e-08 0.000301614 8.36474e-10 6.3045e-09 2.75132e-10 4.82166e-06 1 2.49089e-10 7.22648e-09 1.98752e-07 5.48519e-05 2.87808e-07 0.000173853 3.08635e-08 1.43779e-11 0.0126358 3.66316e-05 0.000124996 2.94179e-09 4.41005e-05 1.06266e-08 0.0640459 0.00163341 0.000232432 1.60634e-08 3.90033e-12 
POCZ: 6.22032e-07 2.76025e-11 1.72733e-08 0.00338416 7.13909e-07 5.44284e-05 0.00246891 0.000322325 3.06791e-06 0.00206078 1.9884e-08 0.00105446 1.46461e-10 3.09911e-08 2.12799e-10 0.000129017 1 1.98267e-11 3.00129e-08 1.64024e-07 0.000133562 5.63751e-07 0.00210214 1.54374e-08 4.68249e-11 4.33227e-05 0.00135181 0.00040117 1.70846e-09 1.95238e-05 2.4112e-08 0.000364154 0.000428946 0.000269904 5.78652e-08 6.86972e-13 
POCZ: 0.000123755 8.6891e-11 1.42364e-07 0.0420313 1.18303e-05 0.00206288 1.85164e-09 8.2225e-05 3.93643e-05 1.70868e-05 7.1477e-08 0.000636544 7.08153e-09 2.75901e-05 4.31796e-08 1.88804e-07 0.313465 2.37204e-10 2.70367e-06 0.001287 4.97308e-05 7.06598e-09 9.70378e-05 2.95451e-05 7.04191e-09 0.0624781 4.09816e-06 2.93317e-07 1.67432e-07 0.0157621 5.33889e-07 0.0123983 0.00609317 6.32979e-06 2.84096e-05 4.74983e-14 
POCZ: 5.59657e-07 3.0818e-11 3.60422e-08 0.000507935 1.40958e-06 3.34694e-05 0.00192521 0.0013774 1.7147e-06 0.00157673 1.26657e-08 0.000778406 1.83518e-10 7.15918e-08 1.57945e-10 4.28408e-05 1 2.92426e-11 6.24792e-08 7.02729e-08 0.000209686 2.4649e-07 0.0120238 4.7662e-09 3.92248e-11 9.72008e-06 0.00974139 0.000378188 8.98165e-10 9.62768e-06 2.41662e-08 0.00028204 0.000425236 0.000257468 5.13975e-08 2.65701e-13 
POCZ: 5.59657e-07 3.0818e-11 3.60422e-08 0.000507935 1.40958e-06 3.34694e-05 0.00192521 0.0013774 1.7147e-06 0.00157673 1.26657e-08 0.000778406 1.83518e-10 7.15918e-08 1.57945e-10 4.28408e-05 1 2.92426e-11 6.24792e-08 7.02729e-08 0.000209686 2.4649e-07 0.0120238 4.7662e-09 3.92248e-11 9.72008e-06 0.00974139 0.000378188 8.98165e-10 9.62768e-06 2.41662e-08 0.00028204 0.000425236 0.000257468 5.13975e-08 2.65701e-13 
wektorK.dat:
POCZ: 3.07019e-05 4.03747e-05 2.94473e-05 1.40806e-05 0.000227929 0.000260855 1.19183e-08 1.15832e-05 0.0055755 6.87685e-07 2.90497e-06 0.00129369 1.74415e-06 3.16579e-05 2.72264e-07 1.57879e-07 2.90179e-07 0.100134 4.65099e-06 3.18338e-06 2.46483e-05 0.000191149 6.17503e-07 0.00067856 3.22735e-05 0.000705493 7.9997e-05 2.49802e-05 3.31096e-06 6.94368e-07 1.1605e-05 0.000444542 2.14908e-07 9.27093e-10 0.0247443 6.87676e-12 
POCZ: 5.86769e-06 8.27923e-07 1.92762e-05 1.24723e-05 0.000157486 0.000588871 2.20672e-08 1.20859e-05 0.00973657 1.05129e-07 1.30776e-06 0.00288266 2.43762e-06 0.00112005 2.54814e-06 6.08552e-08 1.1799e-06 0.000743806 2.83679e-07 1.39588e-05 1.53095e-06 0.000184761 2.24794e-07 0.0266523 8.64861e-05 0.000560153 3.42885e-05 3.18321e-05 1.82181e-05 1.06519e-06 1.6367e-05 0.000300154 4.04347e-08 1.79588e-09 0.12512 8.14194e-13 
POCZ: 4.13517e-06 1.07862e-06 1.89855e-05 1.30594e-05 0.000142101 0.000475995 1.95345e-08 1.67787e-05 0.00804952 1.06981e-07 1.15731e-06 0.00286467 2.51398e-06 0.00180707 2.03501e-06 4.42044e-08 1.00867e-06 0.000754489 2.95092e-07 1.024e-05 1.20013e-06 0.000113665 2.22456e-07 0.0523314 0.000105202 0.000791111 3.2304e-05 4.48725e-05 1.94443e-05 1.15222e-06 1.3631e-05 0.000400956 3.34767e-08 1.7734e-09 0.101416 7.2589e-13 
POCZ: 1.3323e-05 1.65632e-05 0.000159698 0.00073458 1.94954e-05 0.000102786 8.7619e-09 2.57336e-06 0.000105646 3.32407e-07 3.12192e-06 0.00118623 8.48081e-06 2.41692e-06 3.10886e-06 1.16095e-06 1.965e-06 0.0654032 5.36999e-07 1.7382e-06 1.11776e-05 1.38084e-05 3.70891e-07 0.000562702 6.76395e-06 0.000821921 1.04983e-05 5.99047e-06 1.41883e-05 1.21865e-05 4.11421e-06 0.000762707 2.27708e-07 5.43678e-09 0.111071 9.39886e-11 
POCZ: 1.3323e-05 1.65632e-05 0.000159698 0.00073458 1.94954e-05 0.000102786 8.7619e-09 2.57336e-06 0.000105646 3.32407e-07 3.12192e-06 0.00118623 8.48081e-06 2.41692e-06 3.10886e-06 1.16095e-06 1.965e-06 0.0654032 5.36999e-07 1.7382e-06 1.11776e-05 1.38084e-05 3.70891e-07 0.000562702 6.76395e-06 0.000821921 1.04983e-05 5.99047e-06 1.41883e-05 1.21865e-05 4.11421e-06 0.000762707 2.27708e-07 5.43678e-09 0.111071 9.39886e-11 
wektorL.dat:
POCZ: 8.63544e-07 1.20894e-06 5.26805e-05 9.4072e-07 0.000126564 0.000154732 2.46208e-07 5.60762e-06 0.000609035 2.4577e-07 0.000101083 0.00418394 6.09377e-06 0.00123186 0.000192107 9.19491e-06 8.89928e-08 1.49701e-09 9.33519e-07 8.86427e-05 1.15796e-06 0.000761247 2.61056e-05 0.000579986 3.36604e-05 1.90209e-06 2.38776e-06 6.02159e-06 0.000222332 1.04376e-06 7.53754e-06 0.000127574 1.14064e-06 5.89747e-10 1 5.74694e-10 
POCZ: 3.69022e-06 3.52083e-07 3.46553e-07 5.60141e-05 0.00323607 7.04205e-05 1.24658e-06 0.000211325 5.81678e-05 0.000260506 9.64711e-08 0.00121565 3.88701e-09 0.000187074 1.61485e-11 9.4338e-09 4.98688e-06 8.86494e-11 1 5.9824e-05 9.8301e-05 2.92326e-07 0.000711817 5.93835e-08 5.7412e-09 6.79223e-05 2.04504e-05 0.00012971 3.25921e-09 5.35297e-07 1.11211e-07 7.7436e-05 0.00323184 6.75422e-07 6.44794e-07 7.1354e-12 
POCZ: 4.02872e-06 9.84408e-06 5.33365e-08 1.20549e-05 0.000761885 0.000447134 1.92067e-07 0.000443258 1.81126e-05 0.000369516 1.32705e-06 0.000340814 4.64259e-09 0.00867317 1.37134e-09 2.06458e-05 7.89655e-06 5.85798e-11 1 0.00199808 1.80943e-05 5.78917e-05 0.00332321 6.98091e-08 8.58564e-07 6.66255e-07 4.59349e-06 1.79044e-06 4.73498e-08 0.00218251 2.5199e-07 8.5888e-05 0.00658317 9.54563e-10 2.69826e-06 1.09316e-10 
POCZ: 1.965e-05 1.37712e-05 3.36233e-08 8.12076e-06 0.0053705 0.000291581 7.44896e-09 0.00093617 1.84732e-05 0.00096221 7.7783e-07 0.000122666 4.19363e-09 0.00867717 3.61268e-09 4.96852e-05 2.5871e-06 1.41111e-10 1 0.00261996 9.81183e-06 3.73652e-05 0.00392449 1.86694e-07 1.38134e-06 1.2445e-05 4.65917e-06 1.03675e-06 3.29872e-08 0.00270074 3.53302e-07 5.05116e-05 0.00599002 2.00371e-08 1.85361e-06 2.6097e-10 
POCZ: 1.965e-05 1.37712e-05 3.36233e-08 8.12076e-06 0.0053705 0.000291581 7.44896e-09 0.00093617 1.84732e-05 0.00096221 7.7783e-07 0.000122666 4.19363e-09 0.00867717 3.61268e-09 4.96852e-05 2.5871e-06 1.41111e-10 1 0.00261996 9.81183e-06 3.73652e-05 0.00392449 1.86694e-07 1.38134e-06 1.2445e-05 4.65917e-06 1.03675e-06 3.29872e-08 0.00270074 3.53302e-07 5.05116e-05 0.00599002 2.00371e-08 1.85361e-06 2.6097e-10 
wektorLi.dat:
POCZ: 4.0448e-05 1.74346e-07 3.03301e-07 1.13354e-05 0.0397595 4.43451e-06 8.19434e-07 6.39658e-06 0.00581943 5.5904e-05 6.81509e-06 3.02977e-05 1.69897e-07 1.05859e-06 6.9763e-07 0.00239598 1.98602e-05 1.507e-08 0.000518958 1 1.27285e-08 0.00235549 0.00481244 5.66871e-07 9.74327e-06 0.00011361 2.65317e-07 2.43328e-06 1.29696e-07 0.0567623 1.80597e-07 0.00170715 0.000738069 3.00725e-07 2.54379e-05 2.71905e-10 
POCZ: 5.31389e-06 1.15011e-07 0.000139475 4.75358e-06 3.67453e-05 0.000629614 1.18107e-06 3.16051e-06 0.0031868 5.18552e-08 0.000240506 0.00338213 1.7767e-05 7.64635e-05 0.00282152 1.2045e-06 8.37631e-07 2.37939e-07 1.45854e-07 0.000450898 2.00884e-07 0.00465023 4.18977e-07 0.00191365 5.12049e-05 1.26705e-05 1.82802e-06 4.47476e-06 0.000600525 8.05048e-06 4.82112e-06 0.000624592 7.77137e-07 2.60199e-09 1 1.32929e-10 
POCZ: 0.000740221 5.12069e-10 4.07305e-06 4.00967e-06 0.000828669 5.28055e-05 2.68301e-07 0.000298858 0.00446581 4.5708e-07 1.08198e-05 0.000342249 5.05107e-07 4.61094e-05 1.01258e-05 4.55273e-07 6.72941e-05 5.74424e-08 4.49492e-05 1 2.13471e-07 0.000112911 3.47714e-06 9.51552e-05 0.000125396 9.3598e-06 7.04463e-07 3.65722e-06 3.69409e-06 0.0193211 4.69114e-06 0.00359922 4.842e-06 7.74003e-09 0.00161198 1.97262e-11 
POCZ: 1.95e-05 1.11482e-10 2.31406e-06 4.46246e-07 0.00107956 0.000210661 4.30945e-07 0.000204918 0.00888749 9.37424e-08 2.77578e-05 0.000456342 2.29397e-07 0.00282504 4.68663e-05 8.10562e-07 1.05849e-06 6.19897e-09 2.37668e-06 1 4.75792e-07 0.00959312 1.03738e-05 5.3187e-05 9.50631e-05 7.01484e-06 1.27422e-05 1.30917e-05 4.25425e-06 0.000989424 5.17838e-06 0.000283179 6.57734e-06 4.08611e-09 0.0314742 4.45677e-11 
POCZ: 1.95e-05 1.11482e-10 2.31406e-06 4.46246e-07 0.00107956 0.000210661 4.30945e-07 0.000204918 0.00888749 9.37424e-08 2.77578e-05 0.000456342 2.29397e-07 0.00282504 4.68663e-05 8.10562e-07 1.05849e-06 6.19897e-09 2.37668e-06 1 4.75792e-07 0.00959312 1.03738e-05 5.3187e-05 9.50631e-05 7.01484e-06 1.27422e-05 1.30917e-05 4.25425e-06 0.000989424 5.17838e-06 0.000283179 6.57734e-06 4.08611e-09 0.0314742 4.45677e-11 
wektorM.dat:
POCZ: 0.000199981 5.60133e-05 5.29533e-06 6.56977e-05 7.89895e-06 1.84892e-05 3.4301e-09 2.39104e-05 9.51544e-05 1.66254e-05 8.14127e-08 0.0030802 7.32529e-08 1.33406e-05 4.13225e-09 3.20847e-07 3.63265e-06 1.31824e-06 1.57955e-08 1.93254e-09 0.00396544 2.93817e-07 0.00079487 0.000149446 2.53547e-07 0.0508319 0.000284902 1.18486e-05 6.28369e-07 2.03368e-08 6.61092e-06 0.013865 1.33586e-05 2.08746e-09 0.00138673 2.58937e-12 
POCZ: 8.15168e-08 3.4865e-12 1.09356e-07 0.00208226 6.74514e-06 4.16231e-06 0.0066616 0.00110706 2.81398e-07 0.000155863 5.29999e-09 0.000222723 8.86506e-10 1.48741e-07 5.05303e-11 3.04108e-06 0.0837042 3.39907e-11 7.57098e-08 7.88763e-09 7.62336e-05 5.59873e-07 0.00178384 5.54889e-10 2.40095e-11 1.13505e-05 0.0367311 0.00160652 8.74696e-10 1.09701e-06 1.86992e-08 0.000525445 0.000125736 0.0213272 8.48041e-09 1.31258e-12 
POCZ: 3.64944e-05 2.6866e-05 1.05761e-06 1.88083e-05 1.81473e-06 0.00964071 4.39234e-09 1.14773e-05 6.1713e-05 2.36767e-05 2.29076e-07 0.0101567 2.17114e-08 5.09063e-05 7.74333e-10 1.9099e-07 4.48073e-05 9.61823e-08 2.286e-07 2.23157e-10 0.0501662 9.40986e-08 0.0001466 7.85385e-05 1.05515e-08 0.232767 0.000283935 1.62178e-05 7.04261e-07 1.09026e-07 1.94503e-06 0.000116668 0.000118431 4.51934e-08 0.000638331 3.29038e-13 
POCZ: 4.59402e-05 8.91358e-08 5.478e-08 4.41116e-05 3.83197e-06 0.000280538 7.32595e-10 0.000407235 1.5004e-06 0.000323583 2.93135e-09 0.000833843 6.48776e-10 2.37319e-05 1.85588e-10 1.21595e-05 9.40566e-05 4.53349e-10 3.12939e-07 8.17589e-08 0.0209075 2.50885e-07 0.00097171 4.8838e-07 2.25964e-09 0.0335903 0.000473539 6.30115e-06 2.24459e-08 2.14113e-05 4.26202e-07 9.13263e-05 0.0539894 2.92144e-07 3.26994e-07 1.51575e-10 
POCZ: 4.59402e-05 8.91358e-08 5.478e-08 4.41116e-05 3.83197e-06 0.000280538 7.32595e-10 0.000407235 1.5004e-06 0.000323583 2.93135e-09 0.000833843 6.48776e-10 2.37319e-05 1.85588e-10 1.21595e-05 9.40566e-05 4.53349e-10 3.12939e-07 8.17589e-08 0.0209075 2.50885e-07 0.00097171 4.8838e-07 2.25964e-09 0.0335903 0.000473539 6.30115e-06 2.24459e-08 2.14113e-05 4.26202e-07 9.13263e-05 0.0539894 2.92144e-07 3.26994e-07 1.51575e-10 
wektorN.dat:
POCZ: 4.07976e-06 7.2528e-08 9.86441e-05 1.29406e-05 2.40024e-05 0.000633129 3.85133e-07 5.1245e-06 0.00113765 1.35233e-07 0.000118694 0.00231036 8.04145e-06 0.000424662 0.0016888 2.9195e-06 2.33553e-07 1.79214e-07 9.69215e-08 0.000365183 1.94601e-07 0.0130723 4.34809e-07 0.000724102 0.000110644 1.1044e-05 3.07565e-06 5.02015e-06 0.000420322 5.0256e-06 9.93658e-06 0.000190956 1.40964e-06 1.26163e-09 1 1.67853e-10 
POCZ: 6.57349e-06 5.55915e-14 2.2487e-07 0.00450277 1.32456e-05 1.41335e-08 0.00650775 9.07081e-06 6.09673e-07 3.75154e-05 1.23601e-08 2.81803e-05 1.54634e-08 1.29402e-08 3.60185e-10 0.00345182 0.000115343 1.00059e-11 3.45963e-08 2.04743e-06 8.05616e-09 0.00213197 7.43431e-05 5.467e-09 5.48809e-09 5.01024e-09 0.000659976 0.0179944 2.00037e-09 1.01725e-05 2.84037e-08 0.00149975 4.94159e-06 9.45656e-05 6.71316e-09 2.24092e-12 
POCZ: 2.97775e-05 7.20674e-06 6.57706e-06 2.85288e-06 8.2918e-05 0.000380346 3.3993e-07 2.79457e-05 0.0195985 9.96577e-07 1.12529e-05 0.00238148 2.29428e-06 0.000947985 0.000154517 5.55058e-06 3.76922e-08 7.2279e-08 3.07909e-06 5.00151e-05 9.88868e-08 1 1.56235e-06 0.000373969 0.000240046 0.000105953 1.46518e-05 4.64127e-06 0.000146943 1.62456e-07 7.39066e-06 0.000147533 2.54793e-06 9.67582e-10 0.0799845 6.95904e-11 
POCZ: 7.16336e-05 3.76233e-07 1.70976e-05 4.88904e-07 6.69288e-05 0.000974562 6.00707e-07 1.1797e-05 0.0232594 3.05949e-07 1.1115e-05 0.00165276 1.73553e-06 0.0041505 3.46743e-05 2.5784e-07 3.49092e-07 5.5557e-06 4.85424e-07 0.000106892 6.53139e-07 0.0113572 4.20412e-07 0.00408218 0.000679755 2.26716e-05 1.12086e-05 1.09302e-05 3.11927e-05 6.21493e-06 1.4555e-05 0.000759443 2.15445e-07 3.58981e-10 0.318424 3.7753e-12 
POCZ: 7.16336e-05 3.76233e-07 1.70976e-05 4.88904e-07 6.69288e-05 0.000974562 6.00707e-07 1.1797e-05 0.0232594 3.05949e-07 1.1115e-05 0.00165276 1.73553e-06 0.0041505 3.46743e-05 2.5784e-07 3.49092e-07 5.5557e-06 4.85424e-07 0.000106892 6.53139e-07 0.0113572 4.20412e-07 0.00408218 0.000679755 2.26716e-05 1.12086e-05 1.09302e-05 3.11927e-05 6.21493e-06 1.4555e-05 0.000759443 2.15445e-07 3.58981e-10 0.318424 3.7753e-12 
wektorNi.dat:
POCZ: 1.95216e-05 2.43805e-06 1.29027e-05 9.07965e-06 0.000165644 0.000135977 5.54754e-09 7.54774e-06 0.000712143 3.07164e-06 9.77803e-08 0.00748867 5.49055e-07 0.00469514 5.44133e-08 1.62122e-08 4.57363e-07 3.30749e-07 5.76274e-07 3.88626e-07 1.35789e-05 3.97223e-07 2.38725e-05 0.0963582 1.77287e-05 0.000577856 0.000122252 5.41094e-05 5.83035e-06 1.09842e-08 1.56936e-05 0.000237223 9.35396e-07 1.03944e-09 0.0221128 4.48755e-13 
POCZ: 3.4477e-07 2.28223e-12 2.62971e-08 0.000127049 0.00098154 1.08666e-08 0.0024831 4.08161e-06 3.27483e-07 0.00361597 5.55198e-09 4.27518e-05 2.59781e-09 1.99512e-07 3.7857e-11 0.00170138 3.94525e-05 2.37662e-13 3.25829e-07 1.22367e-07 2.13284e-07 1.54327e-06 1 2.70978e-10 2.56983e-09 5.66806e-08 0.00163895 0.00136276 9.92836e-11 7.62347e-08 5.17851e-07 0.0382496 4.14729e-07 2.91823e-05 6.72363e-09 1.46258e-10 
POCZ: 1.73604e-05 7.46778e-08 1.79284e-08 9.61117e-07 6.40887e-05 8.89514e-08 3.76999e-06 0.000486438 6.09202e-06 0.0242295 8.97095e-08 6.84491e-05 2.65735e-10 1.23672e-07 9.50478e-10 0.0196153 0.000383277 3.15707e-14 9.25122e-09 2.23257e-05 5.93299e-06 4.51498e-06 1 1.00923e-08 4.26933e-09 0.000271011 0.000191011 2.517e-05 2.1632e-09 0.000891663 9.95398e-08 0.0109579 0.0230468 5.1785e-07 1.28428e-07 1.90171e-10 
POCZ: 4.345e-06 7.02158e-07 1.01248e-08 0.000223647 0.00214828 3.05608e-07 8.17444e-08 0.000111941 1.98079e-07 0.000935762 1.96334e-08 0.000248657 1.09383e-09 9.57085e-08 7.64517e-11 0.00152814 0.00330899 6.25736e-12 1.79693e-07 5.46673e-06 1.21091e-05 1.88211e-07 1 3.81648e-08 9.62813e-10 0.0250616 0.00137098 3.57067e-06 6.01272e-09 7.78012e-05 3.34485e-07 0.00396165 0.000843596 1.71684e-06 1.1383e-07 3.2989e-12 
POCZ: 4.345e-06 7.02158e-07 1.01248e-08 0.000223647 0.00214828 3.05608e-07 8.17444e-08 0.000111941 1.98079e-07 0.000935762 1.96334e-08 0.000248657 1.09383e-09 9.57085e-08 7.64517e-11 0.00152814 0.00330899 6.25736e-12 1.79693e-07 5.46673e-06 1.21091e-05 1.88211e-07 1 3.81648e-08 9.62813e-10 0.0250616 0.00137098 3.57067e-06 6.01272e-09 7.78012e-05 3.34485e-07 0.00396165 0.000843596 1.71684e-06 1.1383e-07 3.2989e-12 
wektorO.dat:
POCZ: 0.000123423 1.84696e-07 2.63105e-05 3.18181e-05 5.74395e-05 0.000622534 2.99393e-08 5.58165e-06 0.002838 7.39565e-07 2.06589e-07 0.00568831 9.80576e-07 0.000509544 5.8419e-07 1.7978e-09 2.52452e-06 4.00691e-05 8.74665e-08 1.42717e-06 2.73074e-06 3.30239e-06 4.63565e-07 0.209093 2.78522e-05 0.00355454 0.000163766 5.398e-05 1.12342e-05 6.72025e-08 1.20813e-05 0.000800656 6.27495e-07 3.43665e-09 0.0579412 8.99465e-14 
POCZ: 0.000109755 4.09504e-07 6.5712e-05 0.000123594 2.97369e-05 0.000420848 1.85842e-08 2.14895e-06 0.00720628 4.78666e-07 3.08972e-07 0.00702648 5.46624e-06 7.5317e-05 1.77117e-06 3.37171e-09 1.64088e-05 0.000105155 9.6491e-08 4.51545e-06 1.62096e-06 1.15841e-06 2.3208e-07 0.415303 2.53123e-05 0.00472717 2.24654e-05 1.88214e-05 3.7135e-05 1.52962e-07 6.36885e-06 0.00283981 6.81887e-07 9.5374e-09 0.0417488 1.51023e-13 
POCZ: 1.97307e-05 2.90242e-07 0.000144754 3.2559e-06 3.33319e-05 0.000541271 1.28671e-06 2.10381e-06 0.00109513 7.95015e-08 2.52013e-05 0.00239563 1.20336e-05 0.000236537 0.000465992 6.13623e-07 2.13432e-06 5.2504e-06 2.9459e-07 0.000133601 2.63778e-07 0.000551987 1.65996e-07 0.00695277 0.000163583 1.10849e-05 1.3259e-06 4.30374e-06 0.000195655 2.54786e-05 4.84653e-06 0.00100889 2.48135e-07 1.81408e-09 1 6.23228e-11 
POCZ: 1.97312e-05 2.90254e-07 0.000144786 3.26133e-06 3.33085e-05 0.0005412 1.28491e-06 2.10347e-06 0.00109421 7.95511e-08 2.51944e-05 0.00239438 1.20351e-05 0.00023675 0.00046591 6.14384e-07 2.13434e-06 5.25474e-06 2.94523e-07 0.000133602 2.63725e-07 0.000551873 1.65913e-07 0.00695218 0.000163711 1.10844e-05 1.32489e-06 4.30183e-06 0.000195654 2.54865e-05 4.84829e-06 0.00100839 2.4828e-07 1.81388e-09 1 6.23427e-11 
POCZ: 1.97312e-05 2.90254e-07 0.000144786 3.26133e-06 3.33085e-05 0.0005412 1.28491e-06 2.10347e-06 0.00109421 7.95511e-08 2.51944e-05 0.00239438 1.20351e-05 0.00023675 0.00046591 6.14384e-07 2.13434e-06 5.25474e-06 2.94523e-07 0.000133602 2.63725e-07 0.000551873 1.65913e-07 0.00695218 0.000163711 1.10844e-05 1.32489e-06 4.30183e-06 0.000195654 2.54865e-05 4.84829e-06 0.00100839 2.4828e-07 1.81388e-09 1 6.23427e-11 
wektorP.dat:
POCZ: 7.17618e-05 3.76321e-07 1.70827e-05 4.83971e-07 6.72457e-05 0.000975868 6.05443e-07 1.17996e-05 0.0233218 3.04725e-07 1.11443e-05 0.00165525 1.73386e-06 0.00413638 3.46486e-05 2.56017e-07 3.49532e-07 5.54922e-06 4.86559e-07 0.000106632 6.54331e-07 0.0113257 4.21145e-07 0.00409247 0.000677123 2.26655e-05 1.12454e-05 1.09604e-05 3.11374e-05 6.21432e-06 1.45256e-05 0.00076135 2.1467e-07 3.59271e-10 0.318473 3.76445e-12 
POCZ: 2.19778e-05 1.27673e-07 5.58838e-05 8.07447e-07 6.54594e-05 0.000835821 2.07446e-06 5.63485e-06 0.000416465 1.25104e-07 1.67769e-05 0.0019258 2.03109e-06 0.00172838 0.000148175 3.22227e-07 3.10444e-07 1.92165e-06 2.69942e-07 4.04959e-05 4.55782e-07 0.00163295 3.3656e-07 0.00250422 0.000179108 8.3463e-06 1.02484e-05 1.27185e-05 5.70168e-05 1.09806e-05 9.35509e-06 0.000267028 2.30156e-07 6.40403e-10 1 3.65748e-11 
POCZ: 7.15203e-05 3.77716e-07 1.70831e-05 4.844e-07 6.71731e-05 0.000973441 6.04387e-07 1.18384e-05 0.0232668 3.04975e-07 1.1131e-05 0.00165476 1.73427e-06 0.00415359 3.455e-05 2.55349e-07 3.48821e-07 5.55599e-06 4.87076e-07 0.000106261 6.53159e-07 0.0112701 4.21249e-07 0.00411711 0.000678354 2.27435e-05 1.12391e-05 1.09965e-05 3.1147e-05 6.21804e-06 1.44985e-05 0.000763476 2.14381e-07 3.59148e-10 0.317868 3.7631e-12 
POCZ: 7.15203e-05 3.77716e-07 1.70831e-05 4.844e-07 6.71731e-05 0.000973441 6.04387e-07 1.18384e-05 0.0232668 3.04975e-07 1.1131e-05 0.00165476 1.73427e-06 0.00415359 3.455e-05 2.55349e-07 3.48821e-07 5.55599e-06 4.87076e-07 0.000106261 6.53159e-07 0.0112701 4.21249e-07 0.00411711 0.000678354 2.27435e-05 1.12391e-05 1.09965e-05 3.1147e-05 6.21804e-06 1.44985e-05 0.000763476 2.14381e-07 3.59148e-10 0.317868 3.7631e-12 
POCZ: 7.15203e-05 3.77716e-07 1.70831e-05 4.844e-07 6.71731e-05 0.000973441 6.04387e-07 1.18384e-05 0.0232668 3.04975e-07 1.1131e-05 0.00165476 1.73427e-06 0.00415359 3.455e-05 2.55349e-07 3.48821e-07 5.55599e-06 4.87076e-07 0.000106261 6.53159e-07 0.0112701 4.21249e-07 0.00411711 0.000678354 2.27435e-05 1.12391e-05 1.09965e-05 3.1147e-05 6.21804e-06 1.44985e-05 0.000763476 2.14381e-07 3.59148e-10 0.317868 3.7631e-12 
wektorR.dat:
POCZ: 3.06438e-06 2.52893e-11 1.56333e-08 0.000280684 5.56482e-06 4.82818e-05 5.45324e-06 1.0794e-05 2.76513e-06 0.0458864 2.71011e-09 0.000182861 1.98067e-10 6.23549e-09 2.02647e-10 0.000588063 0.00835955 1.15716e-10 4.63836e-10 1.02763e-07 2.98183e-05 1.68424e-06 2.19366e-05 6.55129e-08 8.60316e-11 1 6.54588e-05 0.000166064 1.5555e-09 5.19209e-06 1.01904e-07 0.205934 5.62864e-05 0.0322726 6.21707e-09 1.64651e-12 
POCZ: 1.11236e-05 5.1409e-07 1.96823e-05 1.07214e-05 0.000195512 0.000871202 2.90112e-08 6.71707e-06 0.013997 9.89968e-08 1.66537e-06 0.00294856 2.29218e-06 0.000460931 3.81583e-06 1.03161e-07 1.57568e-06 0.000713686 2.67757e-07 2.40216e-05 2.40144e-06 0.000436731 2.32548e-07 0.00779899 5.90026e-05 0.000300749 3.90929e-05 1.74891e-05 1.60439e-05 9.23177e-07 2.2423e-05 0.000181366 5.54961e-08 1.84914e-09 0.180177 9.8226e-13 
POCZ: 0.00218676 3.58064e-06 1.54148e-07 0.000104581 7.35514e-05 0.000676431 2.41376e-09 0.0147935 1.30176e-05 4.12569e-05 1.02577e-07 0.00671098 5.23619e-09 1.28318e-07 4.6997e-10 6.48573e-09 0.000116936 2.74922e-08 9.36317e-05 3.43231e-08 0.00025724 2.04826e-07 4.37217e-05 7.53471e-06 2.38958e-09 1 0.000114573 3.4292e-05 2.53379e-07 3.03462e-06 4.82647e-07 0.000500921 0.000201143 1.374e-05 6.12325e-07 1.416e-12 
POCZ: 1.40587e-05 3.22101e-09 1.46715e-08 0.00149032 4.09811e-05 1.81435e-05 8.09121e-06 2.75202e-06 2.69751e-06 0.000417518 5.49616e-09 0.00026636 8.68633e-10 1.25746e-08 1.65513e-10 0.0117699 0.00197056 3.85455e-11 6.96614e-10 8.26224e-07 6.73689e-06 1.61527e-06 0.000600159 3.408e-08 4.8786e-11 1 2.25558e-05 0.000543016 3.2996e-09 0.000173344 7.03256e-08 0.0004608 0.00617697 0.00308348 5.71413e-08 1.5459e-11 
POCZ: 1.40587e-05 3.22101e-09 1.46715e-08 0.00149032 4.09811e-05 1.81435e-05 8.09121e-06 2.75202e-06 2.69751e-06 0.000417518 5.49616e-09 0.00026636 8.68633e-10 1.25746e-08 1.65513e-10 0.0117699 0.00197056 3.85455e-11 6.96614e-10 8.26224e-07 6.73689e-06 1.61527e-06 0.000600159 3.408e-08 4.8786e-11 1 2.25558e-05 0.000543016 3.2996e-09 0.000173344 7.03256e-08 0.0004608 0.00617697 0.00308348 5.71413e-08 1.5459e-11 
wektorS.dat:
POCZ: 5.51519e-06 3.09817e-11 5.5634e-07 0.0369646 9.39349e-07 5.63776e-07 0.00173967 9.57726e-06 6.65324e-07 0.000997842 1.60788e-09 3.47275e-05 1.10311e-08 2.85345e-08 3.19843e-09 3.48167e-05 0.00696767 1.10293e-08 6.06848e-08 8.09915e-07 1.29761e-06 1.34937e-06 0.00879909 7.3842e-09 2.39023e-09 1.46335e-09 1 0.00415378 1.02255e-09 0.000258921 7.79235e-08 0.000371608 2.37503e-06 4.03581e-07 5.82519e-08 4.05421e-12 
POCZ: 5.89146e-07 3.69365e-13 3.2372e-08 1.8001e-05 0.00901831 3.22499e-08 0.000294436 4.57915e-06 1.50669e-06 0.000116783 2.1587e-07 3.13947e-05 2.44986e-08 2.21865e-07 7.71395e-10 7.30539e-06 0.000108333 2.55526e-11 3.17038e-07 3.94835e-07 2.5503e-08 9.66195e-06 0.00360164 2.40282e-10 2.49197e-09 2.57598e-09 1 0.000292842 3.72169e-10 8.52431e-06 1.02354e-07 0.00627771 1.07485e-06 1.50758e-05 1.71821e-08 7.51053e-12 
POCZ: 5.22809e-06 8.63417e-12 4.29154e-07 0.0165904 3.59759e-06 1.91448e-07 0.000469607 8.91598e-06 1.04819e-07 0.00088713 5.32257e-10 1.04628e-05 2.10153e-08 2.69069e-08 5.48684e-09 0.000178598 0.00108587 2.21746e-08 3.63998e-09 4.27699e-07 6.1452e-07 1.04809e-06 0.00145526 4.69618e-09 1.45916e-09 6.4682e-08 1 0.0080534 1.35474e-09 0.000404573 1.02598e-07 1.91969e-05 1.31012e-06 0.000106245 3.15861e-08 1.14111e-11 
POCZ: 4.04614e-05 5.6465e-12 2.28297e-09 1.12251e-05 0.00191615 1.49633e-06 0.00104589 7.3477e-07 1.02813e-09 1.57007e-06 1.46937e-06 2.40812e-06 2.40122e-09 2.48746e-08 1.63463e-09 5.1081e-05 2.44706e-06 2.3628e-09 4.26443e-11 1.50818e-06 1.05274e-09 7.70126e-07 1.11783e-06 1.41216e-11 4.49646e-11 9.48482e-09 1 0.00600498 1.58424e-07 1.86951e-05 1.90426e-08 0.0116123 8.02666e-06 2.86569e-07 5.19495e-08 1.35846e-09 
POCZ: 4.04614e-05 5.6465e-12 2.28297e-09 1.12251e-05 0.00191615 1.49633e-06 0.00104589 7.3477e-07 1.02813e-09 1.57007e-06 1.46937e-06 2.40812e-06 2.40122e-09 2.48746e-08 1.63463e-09 5.1081e-05 2.44706e-06 2.3628e-09 4.26443e-11 1.50818e-06 1.05274e-09 7.70126e-07 1.11783e-06 1.41216e-11 4.49646e-11 9.48482e-09 1 0.00600498 1.58424e-07 1.86951e-05 1.90426e-08 0.0116123 8.02666e-06 2.86569e-07 5.19495e-08 1.35846e-09 
wektorSi.dat:
POCZ: 1.79883e-05 2.55465e-13 5.31427e-08 0.00562733 2.70834e-05 8.35281e-08 0.00145372 9.3347e-06 2.28917e-07 3.24096e-05 2.39372e-08 8.12275e-05 1.18541e-08 1.19105e-08 2.28293e-09 0.0031047 5.35583e-06 3.24672e-12 6.65723e-09 2.78638e-07 2.39027e-08 0.000129817 1.8998e-06 1.55819e-09 2.63665e-10 5.08242e-08 3.80126e-05 1 3.70408e-09 2.84276e-06 1.24269e-08 0.000672255 4.30394e-05 5.16691e-06 9.06937e-09 1.6669e-11 
POCZ: 0.00011074 2.73031e-11 1.1814e-09 0.000241199 0.00360476 2.08087e-07 0.000639824 1.53444e-07 5.04851e-09 9.67656e-05 2.38641e-05 2.82053e-06 2.12771e-09 3.1299e-08 2.02438e-09 5.6158e-05 2.01131e-06 1.44914e-09 1.31987e-08 1.13838e-05 2.87447e-09 7.42876e-07 2.84552e-06 5.15249e-11 2.86544e-10 8.38774e-09 0.000121105 1 1.19124e-07 2.24262e-06 5.02395e-08 0.00336302 4.64287e-05 1.33046e-06 5.13447e-07 5.19588e-09 
POCZ: 4.92672e-05 5.52246e-12 3.93752e-07 0.00198502 0.00407953 9.59461e-09 0.000348994 1.08316e-06 5.19332e-10 5.38702e-05 2.68356e-07 2.06657e-07 2.47255e-08 1.64214e-08 4.70024e-11 7.73064e-05 3.16863e-07 2.41098e-11 2.51411e-08 2.23592e-07 3.94841e-10 6.55523e-09 8.87433e-08 3.90578e-10 1.66361e-09 2.14293e-08 8.14152e-06 1 4.90495e-09 2.66149e-06 4.04127e-08 7.86704e-06 0.00591616 1.6415e-07 1.31208e-07 1.60728e-08 
POCZ: 0.000105935 1.04252e-11 1.48519e-09 0.000102099 0.000316162 7.77489e-07 4.4946e-05 1.9944e-06 4.48197e-10 0.000160281 1.94043e-06 8.44527e-05 5.11981e-09 1.62852e-08 1.47319e-08 3.54087e-05 8.12472e-07 1.98331e-08 1.52548e-09 8.68945e-06 8.66529e-09 1.50775e-07 1.99431e-06 1.40485e-11 6.3872e-10 1.66532e-07 0.000423274 1 3.31661e-07 1.35439e-06 8.96389e-08 0.00802386 6.45786e-05 6.61288e-06 4.05096e-07 9.95431e-11 
POCZ: 0.000105935 1.04252e-11 1.48519e-09 0.000102099 0.000316162 7.77489e-07 4.4946e-05 1.9944e-06 4.48197e-10 0.000160281 1.94043e-06 8.44527e-05 5.11981e-09 1.62852e-08 1.47319e-08 3.54087e-05 8.12472e-07 1.98331e-08 1.52548e-09 8.68945e-06 8.66529e-09 1.50775e-07 1.99431e-06 1.40485e-11 6.3872e-10 1.66532e-07 0.000423274 1 3.31661e-07 1.35439e-06 8.96389e-08 0.00802386 6.45786e-05 6.61288e-06 4.05096e-07 9.95431e-11 
wektorSz.dat:
POCZ: 2.26538e-05 1.24487e-08 0.00030005 5.13375e-05 1.81814e-05 0.00376672 2.11529e-06 6.11562e-07 0.000394098 2.80913e-07 0.00132806 0.00167435 2.20542e-05 1.14562e-05 0.026851 1.82118e-05 4.5185e-07 1.41648e-07 2.13902e-08 0.00153273 6.64585e-08 0.000820943 5.27467e-08 0.00634983 2.65528e-05 6.24428e-07 1.9644e-06 1.95318e-06 0.00448942 1.81407e-05 4.11501e-06 0.000939429 6.18049e-06 2.1633e-10 1 1.9237e-09 
POCZ: 5.28665e-06 1.18903e-07 6.37655e-05 8.10207e-05 1.10439e-05 8.72454e-06 7.86998e-07 4.7143e-07 0.000394918 8.27728e-08 0.000646849 0.000732301 2.77324e-06 3.35263e-06 0.011954 1.15847e-05 4.36525e-08 1.1046e-07 8.46172e-09 0.00236095 6.17738e-08 0.00173816 6.64637e-08 0.00429069 6.17559e-06 2.2579e-07 2.22188e-06 8.1685e-07 1 2.35246e-05 1.63539e-05 0.000938136 5.75757e-06 4.96974e-10 1 3.42488e-09 
POCZ: 5.28665e-06 1.18903e-07 6.37655e-05 8.10207e-05 1.10439e-05 8.72454e-06 7.86998e-07 4.7143e-07 0.000394918 8.27728e-08 0.000646849 0.000732301 2.77324e-06 3.35263e-06 0.011954 1.15847e-05 4.36525e-08 1.1046e-07 8.46172e-09 0.00236095 6.17738e-08 0.00173816 6.64637e-08 0.00429069 6.17559e-06 2.2579e-07 2.22188e-06 8.1685e-07 1 2.35246e-05 1.63539e-05 0.000938136 5.75757e-06 4.96974e-10 1 3.42488e-09 
POCZ: 3.46493e-05 1.27147e-08 0.000239934 5.09438e-06 5.14734e-05 0.00508954 1.29491e-05 6.53838e-07 0.000766107 1.1024e-07 0.00250411 0.00236455 1.75555e-05 4.98219e-06 0.0233452 3.59206e-06 6.1221e-07 1.00609e-07 3.44075e-08 0.000862473 1.02361e-07 0.000452398 8.30766e-08 0.0109269 1.03091e-05 6.11032e-07 4.26123e-06 3.63425e-06 0.00297873 1.849e-05 2.54274e-06 0.00172723 2.6763e-06 2.66223e-10 1 9.67685e-10 
POCZ: 3.46493e-05 1.27147e-08 0.000239934 5.09438e-06 5.14734e-05 0.00508954 1.29491e-05 6.53838e-07 0.000766107 1.1024e-07 0.00250411 0.00236455 1.75555e-05 4.98219e-06 0.0233452 3.59206e-06 6.1221e-07 1.00609e-07 3.44075e-08 0.000862473 1.02361e-07 0.000452398 8.30766e-08 0.0109269 1.03091e-05 6.11032e-07 4.26123e-06 3.63425e-06 0.00297873 1.849e-05 2.54274e-06 0.00172723 2.6763e-06 2.66223e-10 1 9.67685e-10 
wektorT.dat:
POCZ: 0.000204121 3.50079e-09 7.12512e-08 4.98513e-05 8.39536e-05 1.81065e-05 2.10769e-06 8.34257e-05 6.34313e-05 0.000253432 1.26044e-06 2.1311e-05 3.74411e-08 2.52957e-08 1.11607e-06 0.000998734 0.000246911 5.59925e-10 7.68662e-07 0.00478524 1.98403e-07 0.000951944 0.00355564 3.13026e-08 1.21568e-07 3.03649e-06 2.75063e-05 1.52847e-06 9.91452e-08 1 7.61422e-08 0.142328 0.00182352 8.79158e-08 1.67843e-06 9.84172e-11 
POCZ: 0.00023164 9.06101e-11 2.87209e-08 8.94646e-05 2.55265e-05 0.0217168 5.47552e-08 5.07143e-05 1.59515e-05 0.00121112 8.80965e-07 1.07102e-05 1.53901e-09 2.27007e-05 4.91787e-08 3.63554e-05 0.00133777 3.96909e-09 9.44636e-07 0.000928943 1.1544e-05 7.57122e-06 0.00044056 1.06202e-07 1.47805e-07 1.49645e-05 3.63395e-05 1.64904e-06 5.75945e-09 1 1.89949e-07 0.0123307 0.00335227 1.46053e-07 6.85442e-06 4.55747e-12 
POCZ: 1.40295e-06 1.60678e-11 1.56547e-07 5.81407e-05 5.43483e-06 0.0118924 6.04262e-07 2.4274e-05 2.54493e-06 7.43964e-07 1.5105e-06 0.000208046 1.72455e-08 0.0584582 3.37226e-06 1.22604e-05 0.000409491 1.8285e-10 1.24362e-05 0.000812794 2.34499e-06 1.79442e-05 1.79701e-05 7.69785e-06 3.23529e-07 9.60716e-06 7.53374e-06 1.62052e-06 3.22593e-07 1 2.15078e-07 3.25065e-05 6.69686e-05 4.15847e-07 0.00919086 2.28049e-12 
POCZ: 0.000200508 3.27712e-10 1.13414e-07 5.52023e-06 3.24143e-05 1.49747e-05 3.58093e-05 0.000533459 1.30611e-07 0.000104083 4.33565e-08 1.40633e-05 4.72015e-09 3.00155e-07 1.28159e-07 0.00015455 0.000125589 1.20618e-09 3.85773e-07 6.46809e-05 2.90585e-07 9.78096e-05 0.000804366 1.87569e-08 1.23328e-07 2.68942e-07 1.80594e-05 1.18309e-05 1.26713e-08 1 4.04024e-08 0.00661311 0.00828231 9.05377e-08 5.47915e-06 1.38627e-10 
POCZ: 0.000200508 3.27712e-10 1.13414e-07 5.52023e-06 3.24143e-05 1.49747e-05 3.58093e-05 0.000533459 1.30611e-07 0.000104083 4.33565e-08 1.40633e-05 4.72015e-09 3.00155e-07 1.28159e-07 0.00015455 0.000125589 1.20618e-09 3.85773e-07 6.46809e-05 2.90585e-07 9.78096e-05 0.000804366 1.87569e-08 1.23328e-07 2.68942e-07 1.80594e-05 1.18309e-05 1.26713e-08 1 4.04024e-08 0.00661311 0.00828231 9.05377e-08 5.47915e-06 1.38627e-10 
wektorU.dat:
POCZ: 6.84397e-07 1.86074e-07 9.42714e-08 0.000106564 0.00321228 3.29375e-09 9.93348e-09 0.00948298 2.39911e-07 0.0205731 4.03862e-09 0.000308672 6.11044e-10 2.49878e-06 7.01537e-11 0.000590563 0.000992591 2.01477e-09 3.15656e-06 6.69061e-06 4.80943e-05 5.28508e-08 0.013853 1.60731e-07 5.60846e-09 5.20068e-05 0.000885357 6.19951e-06 6.25883e-09 5.27125e-09 3.12369e-06 0.0168982 0.000369076 3.88641e-07 1.39873e-08 1.86654e-10 
POCZ: 5.30306e-06 1.15008e-07 0.000139617 4.80479e-06 3.6568e-05 0.00062869 1.17111e-06 3.15972e-06 0.00317715 5.208e-08 0.000239773 0.00337681 1.77858e-05 7.67662e-05 0.00282319 1.21356e-06 8.36456e-07 2.38325e-07 1.4554e-07 0.0004521 2.00486e-07 0.00466342 4.18118e-07 0.0019087 5.14326e-05 1.26729e-05 1.82143e-06 4.46196e-06 0.000601644 8.04953e-06 4.83202e-06 0.000622808 7.80119e-07 2.59969e-09 1 1.33345e-10 
POCZ: 8.45644e-07 7.88337e-09 8.61088e-08 2.75306e-05 0.0163395 8.08506e-09 6.55707e-09 0.00087241 3.25912e-06 0.00265261 3.13532e-08 0.000716437 3.78445e-09 1.52062e-06 3.02309e-10 0.002626 1.64557e-05 1.57725e-10 6.13673e-06 5.25156e-05 3.1087e-05 3.00853e-06 0.0014108 7.33e-08 1.19724e-08 0.0001182 2.03297e-05 9.71675e-06 3.88781e-08 1.21957e-08 1.07987e-05 0.0972602 0.000879472 3.54998e-06 1.10589e-07 1.38412e-10 
POCZ: 3.55139e-05 1.36904e-06 1.27908e-05 6.24177e-06 0.000281108 0.000266615 8.20116e-09 3.04674e-06 0.0016593 2.01287e-06 2.02299e-07 0.00687351 5.81912e-07 0.00114449 1.43297e-07 7.79574e-08 6.70013e-07 5.19649e-07 6.32135e-07 1.51659e-06 2.68415e-05 3.63557e-06 2.19995e-05 0.00791598 1.12556e-05 0.000140757 0.00011476 1.69089e-05 5.11511e-06 1.38445e-08 2.9005e-05 8.19678e-05 1.0345e-06 9.77309e-10 0.052494 9.25124e-13 
POCZ: 3.55139e-05 1.36904e-06 1.27908e-05 6.24177e-06 0.000281108 0.000266615 8.20116e-09 3.04674e-06 0.0016593 2.01287e-06 2.02299e-07 0.00687351 5.81912e-07 0.00114449 1.43297e-07 7.79574e-08 6.70013e-07 5.19649e-07 6.32135e-07 1.51659e-06 2.68415e-05 3.63557e-06 2.19995e-05 0.00791598 1.12556e-05 0.000140757 0.00011476 1.69089e-05 5.11511e-06 1.38445e-08 2.9005e-05 8.19678e-05 1.0345e-06 9.77309e-10 0.052494 9.25124e-13 
wektorW.dat:
POCZ: 1.13317e-06 1.25998e-11 1.73221e-07 3.57845e-06 3.35672e-06 2.80823e-07 0.0022363 0.00216803 7.23198e-06 0.00348018 2.06579e-08 0.000258399 1.29068e-09 5.98865e-09 9.40462e-10 1.08014e-05 0.000107414 6.3638e-13 2.91278e-09 1.17428e-07 1.02155e-06 0.000117523 2.35296e-05 6.03825e-09 6.76175e-09 7.98748e-05 5.02208e-05 0.00125985 7.74787e-09 1.37579e-06 1.69001e-08 1 0.000257343 0.000253311 7.27745e-09 3.13643e-11 
POCZ: 2.56614e-07 1.57653e-12 1.8387e-09 8.38054e-06 4.26585e-05 3.80939e-07 0.0230003 1.96247e-06 4.59146e-06 0.013001 3.78715e-08 0.00179092 8.60822e-10 3.08812e-08 2.47832e-10 0.000214764 3.07758e-05 2.11131e-12 7.7365e-09 1.40315e-07 2.85183e-07 2.19433e-05 0.00492329 3.98624e-09 1.16467e-08 0.000256652 7.39541e-05 0.000248538 3.0702e-09 6.72002e-08 3.2093e-07 1 5.64539e-07 0.00325051 6.84383e-09 3.3175e-11 
POCZ: 0.00123131 8.13683e-07 1.70139e-07 4.2776e-05 2.77416e-06 6.91583e-07 6.33873e-07 0.00315089 5.97728e-06 0.00345025 5.50863e-08 9.48334e-05 3.11577e-09 1.37278e-05 1.41859e-08 4.51196e-07 3.91467e-05 5.96003e-10 9.67145e-07 9.97462e-08 1.57315e-05 8.67501e-06 0.000852561 1.28185e-05 2.24557e-07 0.00025605 0.000253125 4.52818e-06 5.85249e-08 9.36613e-05 1.42509e-07 1 0.0408497 6.66508e-09 1.60193e-06 1.81781e-12 
POCZ: 2.31445e-06 3.83423e-11 1.75568e-07 2.28884e-06 5.60143e-05 6.54168e-08 0.0026111 0.000241752 2.46287e-05 0.00582493 2.05474e-07 0.000723653 1.25553e-09 6.00497e-09 1.93769e-10 5.05938e-05 0.000445838 6.78676e-13 3.16761e-09 1.16953e-06 1.23538e-06 5.62148e-05 0.000479514 1.20535e-08 2.59749e-09 0.000291923 0.000161599 0.000740754 3.70675e-09 1.44055e-06 2.731e-07 1 4.6176e-06 0.000468598 4.33279e-08 5.25222e-12 
POCZ: 2.31445e-06 3.83423e-11 1.75568e-07 2.28884e-06 5.60143e-05 6.54168e-08 0.0026111 0.000241752 2.46287e-05 0.00582493 2.05474e-07 0.000723653 1.25553e-09 6.00497e-09 1.93769e-10 5.05938e-05 0.000445838 6.78676e-13 3.16761e-09 1.16953e-06 1.23538e-06 5.62148e-05 0.000479514 1.20535e-08 2.59749e-09 0.000291923 0.000161599 0.000740754 3.70675e-09 1.44055e-06 2.731e-07 1 4.6176e-06 0.000468598 4.33279e-08 5.25222e-12 
wektorY.dat:
POCZ: 9.44908e-06 3.33916e-08 3.35917e-08 7.10048e-07 2.9201e-05 0.000120427 1.3851e-07 0.0254253 3.5889e-06 0.00458838 2.24932e-07 0.000548405 3.27119e-10 5.77916e-05 2.09742e-09 2.4593e-05 5.41578e-05 7.56222e-15 0.00137725 2.1667e-05 0.000348583 8.45751e-06 0.00548143 8.43279e-09 5.65425e-09 3.84959e-06 7.39402e-06 7.23043e-06 7.45443e-08 3.49759e-05 1.2364e-07 7.63923e-05 1 7.03018e-08 3.46391e-07 2.48711e-10 
POCZ: 9.55829e-06 1.05353e-07 2.54694e-08 2.66429e-06 0.000137526 0.000106884 3.52303e-08 0.00296104 4.01162e-06 0.0105138 5.91521e-07 0.0004902 4.0143e-10 6.13528e-05 2.87984e-09 7.18592e-05 2.92965e-05 1.09731e-14 0.00226512 6.57765e-05 0.000327959 5.53292e-06 0.012997 8.98992e-09 5.94872e-09 1.68099e-05 4.67529e-05 2.66053e-06 9.7899e-08 2.09778e-05 3.45352e-07 0.000240449 1 4.64345e-08 4.37021e-07 4.24757e-10 
POCZ: 9.26331e-07 4.47136e-11 2.28069e-07 0.00137742 1.18981e-05 1.11316e-05 8.67626e-05 0.000238017 1.18501e-08 1.5052e-06 1.76754e-08 1.45173e-05 2.18502e-09 4.55027e-07 1.85134e-09 7.42211e-05 0.000350987 8.10459e-14 1.94907e-08 1.53216e-07 5.0569e-07 1.76188e-05 0.00415319 2.68057e-10 2.5603e-11 4.21788e-05 0.000280571 0.00478142 1.45742e-09 0.000166773 8.35768e-10 2.27813e-05 1 3.24566e-07 4.1482e-08 1.55788e-10 
POCZ: 3.35842e-05 1.09283e-08 1.15827e-07 5.01826e-07 5.44994e-06 0.000210275 1.73459e-06 0.0142114 0.000235692 0.00406382 4.20025e-07 0.000445427 3.75796e-10 8.35267e-06 1.13837e-08 1.68972e-05 9.14364e-05 1.79822e-13 0.000618951 0.000222553 9.5149e-05 3.36949e-05 0.000508286 2.58433e-08 1.08476e-08 2.64868e-05 1.43691e-06 6.66817e-05 4.99235e-08 5.53161e-05 4.80019e-08 2.65398e-05 1 2.83163e-07 1.5334e-06 2.16365e-10 
POCZ: 3.35842e-05 1.09283e-08 1.15827e-07 5.01826e-07 5.44994e-06 0.000210275 1.73459e-06 0.0142114 0.000235692 0.00406382 4.20025e-07 0.000445427 3.75796e-10 8.35267e-06 1.13837e-08 1.68972e-05 9.14364e-05 1.79822e-13 0.000618951 0.000222553 9.5149e-05 3.36949e-05 0.000508286 2.58433e-08 1.08476e-08 2.64868e-05 1.43691e-06 6.66817e-05 4.99235e-08 5.53161e-05 4.80019e-08 2.65398e-05 1 2.83163e-07 1.5334e-06 2.16365e-10 
wektorZ.dat:
POCZ: 2.86272e-07 1.29132e-12 2.76706e-08 0.00215183 1.39119e-05 2.34287e-06 0.00027516 0.000224885 2.57727e-07 0.00114228 3.48898e-09 0.000366423 1.75515e-09 1.26936e-08 4.05135e-11 0.000481704 0.008373 1.67137e-11 3.88247e-09 9.1268e-09 9.34225e-06 2.88384e-06 6.63271e-05 3.136e-09 4.95229e-11 0.0024861 0.000785997 0.00607647 2.68288e-09 1.69643e-06 6.86094e-08 0.000307052 3.35359e-05 1 3.66545e-09 1.85437e-12 
POCZ: 1.17655e-07 2.06758e-12 1.92401e-08 0.00090899 2.23428e-05 3.25168e-06 6.05221e-05 0.000137439 5.18151e-07 0.000841423 6.51367e-09 0.000682677 2.11881e-09 7.49217e-09 1.45915e-11 0.0014517 0.00562771 8.60472e-12 2.13517e-09 1.26352e-08 9.74698e-06 1.55405e-06 1.956e-05 6.60311e-09 9.39997e-11 0.00242385 0.00114314 0.00373205 4.60797e-09 8.77524e-07 1.08236e-07 0.00164262 2.44938e-05 1 2.45723e-09 1.80045e-12 
POCZ: 3.53853e-07 2.53617e-12 1.23793e-08 0.000172555 1.57017e-05 5.69103e-06 0.000368125 0.000350056 1.06954e-06 0.00223296 1.06504e-08 0.00127466 7.4394e-10 6.23151e-09 2.26524e-11 0.000331987 0.0159205 6.68554e-12 3.91286e-09 2.2059e-08 2.57957e-05 1.2039e-06 3.0079e-05 7.78225e-09 3.23189e-11 0.0149868 0.000505212 0.00433523 1.85424e-09 1.23001e-06 1.02563e-07 0.00216845 1.23609e-05 1 6.5038e-09 3.39055e-13 
POCZ: 2.9104e-07 1.43755e-12 3.33128e-08 0.00156134 1.34539e-05 2.28628e-06 0.000285726 0.000255626 2.31035e-07 0.00109769 3.04454e-09 0.000324367 1.80808e-09 1.61529e-08 3.99767e-11 0.000399691 0.00846211 1.97817e-11 4.10096e-09 7.81789e-09 1.09839e-05 2.28556e-06 0.000101177 2.49679e-09 4.9381e-11 0.00184629 0.00137415 0.00563779 2.35664e-09 1.58711e-06 6.92375e-08 0.000280801 3.31094e-05 1 3.74718e-09 1.60432e-12 
POCZ: 2.9104e-07 1.43755e-12 3.33128e-08 0.00156134 1.34539e-05 2.28628e-06 0.000285726 0.000255626 2.31035e-07 0.00109769 3.04454e-09 0.000324367 1.80808e-09 1.61529e-08 3.99767e-11 0.000399691 0.00846211 1.97817e-11 4.10096e-09 7.81789e-09 1.09839e-05 2.28556e-06 0.000101177 2.49679e-09 4.9381e-11 0.00184629 0.00137415 0.00563779 2.35664e-09 1.58711e-06 6.92375e-08 0.000280801 3.31094e-05 1 3.74718e-09 1.60432e-12 
wektorZy.dat:
POCZ: 1.99356e-05 2.69964e-07 0.000133066 2.87694e-06 3.53893e-05 0.000562574 1.34233e-06 2.29502e-06 0.00100479 8.27482e-08 2.43088e-05 0.0023488 1.02788e-05 0.000282249 0.000420746 5.79505e-07 1.80045e-06 4.80994e-06 2.92425e-07 0.000120105 2.76933e-07 0.000606842 1.76653e-07 0.00635782 0.000164943 1.08088e-05 1.58856e-06 4.73726e-06 0.000175305 2.36652e-05 5.13698e-06 0.000897017 2.46416e-07 1.65436e-09 1 5.94205e-11 
POCZ: 5.30966e-06 1.15015e-07 0.000139527 4.77261e-06 3.66786e-05 0.000629235 1.17727e-06 3.16027e-06 0.00318323 5.19388e-08 0.000240225 0.00338011 1.77746e-05 7.65823e-05 0.00282195 1.20787e-06 8.37173e-07 2.38085e-07 1.45745e-07 0.000451341 2.00732e-07 0.00465532 4.18665e-07 0.00191165 5.12911e-05 1.26724e-05 1.82546e-06 4.46991e-06 0.000600924 8.0501e-06 4.82523e-06 0.000623927 7.7823e-07 2.60121e-09 1 1.3308e-10 
POCZ: 1.04271e-05 1.47076e-08 0.000197253 2.33526e-05 1.63466e-05 0.00295006 6.49186e-07 8.44236e-07 0.000209866 4.80414e-07 0.00126978 0.000615776 2.00403e-05 1.16234e-05 0.0570839 1.74727e-05 3.29105e-07 1.73896e-07 1.25204e-08 0.000760029 1.61992e-07 0.000365969 1.12736e-07 0.00809525 3.0449e-05 5.37881e-07 4.47672e-06 1.51157e-06 0.00224374 2.94019e-05 5.58251e-06 0.00056388 1.90876e-06 2.10855e-10 1 2.06379e-09 
POCZ: 3.23977e-06 8.17823e-08 5.72663e-05 1.66456e-06 3.83733e-05 0.000484221 2.5481e-06 8.23921e-06 0.000938979 1.74601e-07 5.75159e-06 0.00686048 2.73889e-06 0.000416027 0.000764387 3.64648e-07 9.83266e-08 1.13087e-07 1.23772e-07 0.000284688 2.2197e-07 0.0268627 6.49072e-07 0.000463091 0.000115165 9.43894e-06 2.1455e-05 1.06144e-05 0.00031057 2.58456e-06 8.8798e-06 0.000256295 3.07788e-07 5.67756e-10 1 1.58174e-10 
POCZ: 3.23977e-06 8.17823e-08 5.72663e-05 1.66456e-06 3.83733e-05 0.000484221 2.5481e-06 8.23921e-06 0.000938979 1.74601e-07 5.75159e-06 0.00686048 2.73889e-06 0.000416027 0.000764387 3.64648e-07 9.83266e-08 1.13087e-07 1.23772e-07 0.000284688 2.2197e-07 0.0268627 6.49072e-07 0.000463091 0.000115165 9.43894e-06 2.1455e-05 1.06144e-05 0.00031057 2.58456e-06 8.8798e-06 0.000256295 3.07788e-07 5.67756e-10 1 1.58174e-10 
wektorZi.dat:
POCZ: 1.58066e-06 9.80732e-06 0.00010384 1.2752e-05 4.10652e-06 1.82208e-07 9.13758e-05 0.000199226 1.79234e-06 8.27155e-05 2.61934e-05 0.000217193 3.01885e-07 1.29573e-09 3.71877e-06 0.0287233 2.55954e-07 1.09286e-10 8.57896e-08 5.00251e-05 8.37667e-07 1.66705e-05 7.31407e-05 7.58718e-08 3.27957e-08 4.93289e-06 1.10968e-05 0.000348018 5.02533e-05 3.96602e-07 3.39593e-07 6.81775e-05 0.000515016 8.5939e-09 2.06292e-05 0.000985117 
POCZ: 7.21671e-05 1.34893e-06 2.23814e-05 1.26892e-06 7.36895e-05 1.74332e-05 7.57639e-07 6.82055e-05 0.000232768 1.29904e-06 1.73957e-05 0.000589721 8.79226e-07 1.24415e-07 0.000109123 3.45115e-05 1.77804e-07 6.98102e-07 1.28719e-06 0.000116412 8.48698e-07 0.00487862 5.14732e-06 4.12743e-06 1.87142e-06 2.27076e-05 1.16994e-05 5.30973e-06 1.50699e-05 0.000189993 8.69496e-07 0.000348368 9.26537e-05 2.94571e-09 0.00202946 5.46648e-07 
POCZ: 0.00996055 9.03261e-05 6.19298e-06 1.40167e-05 0.000414104 1.31143e-05 1.21307e-07 0.000277447 0.00249676 9.1951e-06 4.04328e-06 0.000527557 8.90945e-07 2.21944e-07 1.53493e-06 7.40298e-06 1.41625e-06 1.33756e-05 0.0024144 0.0114107 3.04118e-07 0.00185601 7.36582e-06 7.8215e-06 5.28268e-05 0.000733007 1.32767e-06 2.43661e-06 5.87046e-06 0.000183856 2.87501e-06 0.000657893 8.6115e-06 2.17986e-09 5.27865e-05 2.99971e-09 
POCZ: 9.76365e-06 0.000367545 3.61766e-05 2.58743e-06 0.000175048 3.48703e-06 1.46889e-07 3.09642e-05 0.00121537 6.46974e-06 9.84109e-06 0.00111282 1.41927e-06 6.2512e-06 1.13742e-05 0.00172241 1.27712e-08 1.65084e-08 0.000634256 0.00106246 8.61784e-07 0.00122844 0.000396307 4.09764e-06 1.38789e-05 9.67876e-05 2.18918e-07 2.42301e-05 1.18698e-05 3.11047e-06 7.69843e-07 2.55133e-06 2.07646e-05 3.01614e-09 0.00638585 1.94027e-06 
POCZ: 9.76365e-06 0.000367545 3.61766e-05 2.58743e-06 0.000175048 3.48703e-06 1.46889e-07 3.09642e-05 0.00121537 6.46974e-06 9.84109e-06 0.00111282 1.41927e-06 6.2512e-06 1.13742e-05 0.00172241 1.27712e-08 1.65084e-08 0.000634256 0.00106246 8.61784e-07 0.00122844 0.000396307 4.09764e-06 1.38789e-05 9.67876e-05 2.18918e-07 2.42301e-05 1.18698e-05 3.11047e-06 7.69843e-07 2.55133e-06 2.07646e-05 3.01614e-09 0.00638585 1.94027e-06 
wektorZi.dat:
POCZ: 1.58066e-06 9.80732e-06 0.00010384 1.2752e-05 4.10652e-06 1.82208e-07 9.13758e-05 0.000199226 1.79234e-06 8.27155e-05 2.61934e-05 0.000217193 3.01885e-07 1.29573e-09 3.71877e-06 0.0287233 2.55954e-07 1.09286e-10 8.57896e-08 5.00251e-05 8.37667e-07 1.66705e-05 7.31407e-05 7.58718e-08 3.27957e-08 4.93289e-06 1.10968e-05 0.000348018 5.02533e-05 3.96602e-07 3.39593e-07 6.81775e-05 0.000515016 8.5939e-09 2.06292e-05 0.000985117 
POCZ: 7.21671e-05 1.34893e-06 2.23814e-05 1.26892e-06 7.36895e-05 1.74332e-05 7.57639e-07 6.82055e-05 0.000232768 1.29904e-06 1.73957e-05 0.000589721 8.79226e-07 1.24415e-07 0.000109123 3.45115e-05 1.77804e-07 6.98102e-07 1.28719e-06 0.000116412 8.48698e-07 0.00487862 5.14732e-06 4.12743e-06 1.87142e-06 2.27076e-05 1.16994e-05 5.30973e-06 1.50699e-05 0.000189993 8.69496e-07 0.000348368 9.26537e-05 2.94571e-09 0.00202946 5.46648e-07 
POCZ: 0.00996055 9.03261e-05 6.19298e-06 1.40167e-05 0.000414104 1.31143e-05 1.21307e-07 0.000277447 0.00249676 9.1951e-06 4.04328e-06 0.000527557 8.90945e-07 2.21944e-07 1.53493e-06 7.40298e-06 1.41625e-06 1.33756e-05 0.0024144 0.0114107 3.04118e-07 0.00185601 7.36582e-06 7.8215e-06 5.28268e-05 0.000733007 1.32767e-06 2.43661e-06 5.87046e-06 0.000183856 2.87501e-06 0.000657893 8.6115e-06 2.17986e-09 5.27865e-05 2.99971e-09 
POCZ: 9.76365e-06 0.000367545 3.61766e-05 2.58743e-06 0.000175048 3.48703e-06 1.46889e-07 3.09642e-05 0.00121537 6.46974e-06 9.84109e-06 0.00111282 1.41927e-06 6.2512e-06 1.13742e-05 0.00172241 1.27712e-08 1.65084e-08 0.000634256 0.00106246 8.61784e-07 0.00122844 0.000396307 4.09764e-06 1.38789e-05 9.67876e-05 2.18918e-07 2.42301e-05 1.18698e-05 3.11047e-06 7.69843e-07 2.55133e-06 2.07646e-05 3.01614e-09 0.00638585 1.94027e-06 
POCZ: 9.76365e-06 0.000367545 3.61766e-05 2.58743e-06 0.000175048 3.48703e-06 1.46889e-07 3.09642e-05 0.00121537 6.46974e-06 9.84109e-06 0.00111282 1.41927e-06 6.2512e-06 1.13742e-05 0.00172241 1.27712e-08 1.65084e-08 0.000634256 0.00106246 8.61784e-07 0.00122844 0.000396307 4.09764e-06 1.38789e-05 9.67876e-05 2.18918e-07 2.42301e-05 1.18698e-05 3.11047e-06 7.69843e-07 2.55133e-06 2.07646e-05 3.01614e-09 0.00638585 1.94027e-06 
