0 0.52343 0 0.480144 0.333333 0 0 0 1
0 0.52343 0 0.480144 0.333333 0 0.166667 0 1
0 0.732737 0 0.499812 0.333333 0.188864 0.166667 0 1
0 0.627777 0 0.553154 0.5 0.530798 0.166667 1 0 
0 0.563412 0.166667 0.506114 0.333333 0.563412 0.166667 1 0
0 0.558335 0 0.469352 0.333333 0.327911 0.166667 1 0 
1 0.686697 0 0.524453 0.5 0.137387 0 0 1
1 0.735116 0 0.233763 0.333333 0.735116 0 1 0
1 0.81638 0 0.25607 0.333333 0.81638 0 1 0
0 0.628265 0 0.59142 0.333333 0.377055 0 0 1
1 0.661501 0 0.493734 0.5 0.493734 0.5 1 0
0 0.670761 0 0.239498 0.333333 0.228146 0.166667 0 1
1 0.61838 0 0.158752 0.5 0.158752 0.5 0 1
1 0.665733 0 0.150352 0.0166667 0.562646 0 1 0
