POCZ: 3.18948e-05 1.79242e-07 3.85058e-05 6.86733e-07 6.60421e-05 0.000877611 1.41033e-06 7.10798e-06 0.00147885 1.65528e-07 1.47226e-05 0.00183563 1.92945e-06 0.00227879 9.37039e-05 2.99478e-07 3.21997e-07 2.68525e-06 3.24913e-07 5.47596e-05 5.10857e-07 0.0029999 3.60986e-07 0.00292257 0.000272137 1.14142e-05 1.05647e-05 1.21481e-05 4.70718e-05 9.1881e-06 1.07451e-05 0.000370722 2.24947e-07 5.3361e-10 1 1.79046e-11 
POCZ: 1.97363e-06 3.35568e-08 4.68154e-08 0.0269877 8.98846e-05 1.88958e-08 1.061e-08 1 1.72851e-07 0.0456763 1.22627e-08 0.000541112 6.9654e-10 8.56778e-08 6.61023e-10 0.00010391 0.000631239 1.3993e-11 3.42668e-07 6.48513e-07 9.6873e-05 1.2587e-07 0.0450273 2.1654e-08 4.43239e-10 2.78573e-05 0.00471645 6.72618e-06 8.82862e-09 2.68968e-07 7.34359e-07 0.222095 0.000202322 1.02949e-07 9.07679e-09 7.18749e-11 
POCZ: 0.000749642 1.30375e-07 3.36129e-09 3.36931e-06 5.78685e-06 4.83416e-07 4.84736e-08 2.4599e-08 1.91124e-08 0.00529795 2.19704e-07 0.00294892 2.47393e-07 0.000414414 7.72268e-10 0.00447702 2.34038e-06 2.24695e-08 1.90736e-07 0.00402759 8.06282e-05 6.0338e-05 8.88964e-06 1.99051e-09 2.7978e-07 0.00367097 7.39961e-07 0.000558149 3.25355e-06 2.0358e-06 5.96675e-06 0.000381246 0.00013711 0.000470107 5.75274e-06 9.42579e-10 
POCZ: 9.24411e-07 7.00998e-10 3.36775e-08 6.97331e-06 2.18704e-06 8.70428e-05 0.00011722 0.0809055 3.28182e-06 0.322859 6.76108e-08 0.000925548 3.87377e-11 7.21917e-07 3.92312e-10 3.32801e-05 0.0174246 8.97656e-16 4.63797e-06 6.23672e-08 0.000142239 2.19954e-06 0.0733884 1.62599e-09 1.27192e-10 4.54458e-07 6.14841e-05 0.000583427 1.86192e-09 5.64527e-05 9.94811e-09 0.0233237 0.0172329 1.28922e-05 4.05291e-08 1.38346e-11 
POCZ: 6.0471e-06 5.85161e-10 2.85181e-08 1.18715e-05 4.35787e-06 9.71099e-07 8.24868e-05 0.000189423 1.52759e-06 0.264426 1.47138e-08 0.000225716 1.93784e-10 1.42921e-07 3.04481e-10 0.0527179 0.00109151 8.2466e-15 4.48028e-09 3.91213e-07 1.26714e-05 5.36597e-06 0.043012 8.81363e-09 9.37134e-10 0.000529261 3.95782e-05 0.000642217 3.08855e-09 2.43539e-05 1.42902e-07 0.0262739 0.000279452 0.000214158 2.52584e-08 4.45511e-11 
POCZ: 6.92476e-06 2.94435e-09 5.253e-09 0.000137133 7.70299e-05 3.17544e-05 7.57814e-08 0.00102048 1.52487e-07 0.488626 3.57303e-08 9.68174e-05 5.04981e-11 3.33639e-06 9.09671e-10 0.00415585 0.0128284 1.73586e-14 2.15506e-08 3.11343e-07 7.26407e-05 8.66734e-07 0.281649 1.06259e-08 4.19046e-10 0.000665985 0.000872158 2.17753e-06 3.61033e-09 0.000220368 1.86181e-07 0.0411045 0.00696041 1.04767e-05 1.56763e-08 6.17786e-11 
POCZ: 5.11171e-07 2.13596e-10 3.21237e-07 0.000850452 1.29027e-06 7.33914e-08 1 8.93895e-05 1.90477e-08 0.00701161 4.13229e-08 0.000278734 5.65162e-10 9.56716e-08 6.0003e-09 0.000986183 0.00165249 4.1658e-15 3.92146e-08 2.68176e-07 1.70819e-05 5.03878e-07 0.0732281 7.26517e-10 5.32351e-10 6.57351e-08 0.00821866 0.00211769 8.61601e-09 1.07496e-05 4.8521e-08 0.0355863 5.66103e-06 7.76845e-07 9.78834e-07 2.02626e-09 
POCZ: 7.25893e-06 2.88301e-11 1.37833e-08 6.82801e-06 0.000314046 8.60785e-06 6.02909e-06 4.22888e-05 3.19748e-06 0.0524964 3.84505e-08 0.000171512 3.38258e-10 1.53938e-06 1.30774e-10 0.00164752 9.59404e-05 3.38221e-15 7.66269e-08 5.5985e-07 3.90658e-05 7.12968e-06 0.00347418 3.69859e-09 3.2551e-10 0.0166901 8.73135e-06 0.000154964 2.80495e-09 3.00578e-05 2.0872e-07 0.0479935 0.00173377 0.00483705 2.30533e-08 1.72207e-11 
POCZ: 5.29116e-07 8.26298e-10 1.44692e-07 4.97378e-05 1.57619e-05 1.47243e-08 0.00201801 8.57558e-06 7.53833e-07 0.00548056 2.52996e-08 0.000114458 1.45471e-09 3.30104e-07 1.87306e-10 0.00260261 8.16174e-05 7.59803e-14 3.60183e-09 2.40767e-07 2.65235e-06 1.00784e-05 0.069656 1.84232e-09 1.68761e-09 2.99344e-05 0.000286818 0.000502173 5.93691e-09 3.16264e-06 7.50015e-08 1 6.76788e-05 3.29173e-06 2.73536e-08 1.3985e-09 
POCZ: 1.31128e-05 5.77204e-10 1.86186e-08 4.69242e-06 2.34409e-05 2.73396e-08 0.000329013 5.95044e-05 2.37914e-06 0.111132 2.2722e-08 0.000314591 5.03562e-10 6.29261e-08 5.09378e-10 0.302172 0.000651141 2.41639e-14 1.77367e-09 3.02502e-06 5.27324e-06 6.87219e-06 0.179168 1.4486e-08 5.25387e-09 6.05149e-05 0.000123571 0.000366425 4.55617e-09 1.68684e-05 4.88452e-07 0.0492301 2.6152e-05 0.000163378 6.37222e-08 3.26337e-11 
POCZ: 3.97031e-09 1.21052e-09 1.64767e-08 1.89664e-08 0.0152255 1.07672e-05 1.70407e-06 0.0177525 1.82335e-05 0.00486289 6.36904e-07 0.000255293 7.84439e-10 3.38822e-05 3.07424e-10 0.00186763 4.64624e-05 1.11751e-13 1.778e-05 2.17183e-05 1.263e-05 6.99474e-05 0.000487183 8.62651e-10 3.57992e-09 7.57655e-06 1.68476e-06 0.000298698 1.50606e-08 9.34527e-06 7.40868e-08 0.000432322 0.0166674 0.00073686 4.12494e-08 3.83122e-10 
POCZ: 1.50616e-06 1.32328e-09 2.45397e-08 5.96788e-06 8.79164e-05 3.24179e-05 6.03756e-06 0.000279564 4.9236e-06 0.243722 1.13084e-07 0.000164096 1.13494e-10 1.14695e-06 1.47737e-09 0.00543498 0.00944093 2.48892e-13 7.07037e-08 9.59455e-06 1.78478e-05 3.47815e-06 0.0133464 1.56664e-08 1.03171e-09 0.000587026 0.000142037 5.49601e-05 6.69122e-09 2.33587e-05 1.22426e-07 0.000758655 0.00814069 3.76754e-05 7.42446e-08 7.5786e-11 
POCZ: 1.57943e-07 3.37903e-12 3.08026e-08 0.00019964 3.74326e-05 1.54896e-07 0.00503817 0.000459175 2.49533e-06 0.000159882 7.86878e-09 0.000645067 5.90626e-10 3.20794e-09 4.88546e-11 5.69135e-05 0.0287847 4.79725e-11 1.28341e-08 1.48977e-07 1.43785e-05 1.73592e-06 6.73703e-05 9.5474e-09 2.08171e-10 0.000116501 0.00133624 0.000550662 2.34585e-09 1.87877e-07 3.51053e-08 0.162341 5.6116e-06 0.00305827 8.4155e-09 7.38778e-13 
POCZ: 2.55114e-06 1.76484e-12 2.03435e-08 0.000368597 2.14289e-05 1.80594e-08 1 4.0209e-05 3.646e-07 0.000177407 1.06548e-08 0.00029095 2.67689e-09 1.60298e-08 1.66073e-09 0.00325996 0.000108579 5.54103e-13 2.47296e-09 3.0278e-07 2.02774e-07 0.000154791 0.000594984 1.43707e-09 2.44773e-09 2.57619e-05 1.83086e-05 0.0172947 6.14337e-09 2.15612e-07 3.74428e-08 0.212198 1.85113e-05 0.0010294 1.94915e-08 5.62847e-11 
POCZ: 2.7358e-05 7.52371e-13 5.5848e-08 2.6013e-05 0.000209747 3.47907e-08 0.147667 2.50031e-06 1.38002e-06 0.0063975 1.61225e-08 0.000107497 4.97409e-09 4.69452e-08 5.99506e-10 0.00044773 7.34821e-05 5.08468e-11 3.43785e-07 1.21027e-06 5.309e-08 0.000189523 0.0109265 5.6398e-09 5.90599e-08 9.59537e-08 0.000985874 0.00122886 1.18628e-09 7.1989e-06 4.18698e-07 0.100649 3.50342e-08 0.00137795 6.08471e-08 5.52259e-12 
POCZ: 3.57728e-06 8.61935e-13 1.71544e-08 1.15972e-05 3.87271e-07 5.20727e-07 1 0.000117237 1.28742e-06 0.0284127 5.3302e-09 0.000684984 4.67582e-10 1.71174e-08 1.38488e-09 1.98432e-05 0.000183964 5.75384e-13 1.92788e-08 9.65938e-09 3.5598e-07 7.30236e-05 0.000443529 9.77899e-10 1.52549e-08 1.64931e-06 6.67613e-06 0.00486384 3.08339e-09 2.11593e-06 6.99479e-08 1 2.32937e-05 0.00270011 1.36477e-08 4.14325e-11 
POCZ: 6.26655e-07 2.40046e-12 3.30578e-07 0.00145282 2.55192e-05 2.00191e-08 0.119813 0.00114765 2.29738e-07 1.27499e-05 1.16092e-08 5.89418e-05 3.76029e-09 5.05906e-08 8.0494e-10 0.000135306 0.00193345 4.22101e-12 4.31002e-09 3.00799e-07 9.04862e-07 3.51714e-05 0.00431546 2.5324e-10 4.76937e-10 1.24619e-07 0.0105878 0.00488837 2.9367e-09 5.64518e-07 1.61987e-08 0.00730419 7.09437e-05 6.62648e-05 1.1802e-08 1.72848e-11 
POCZ: 4.04216e-07 3.89789e-12 5.18335e-08 2.19802e-05 2.40356e-05 4.72824e-08 0.21267 4.30445e-05 1.64375e-07 0.000609979 4.28771e-08 0.000123017 1.64862e-09 6.97118e-08 3.16985e-09 3.372e-05 0.000192937 4.17796e-12 1.53799e-08 1.59713e-07 1.55175e-06 9.65174e-06 0.00535743 4.49544e-10 2.96733e-09 1.87152e-06 0.0177662 0.00038346 2.40183e-09 6.00754e-07 3.09541e-08 1 2.65584e-06 0.000182013 3.91997e-08 6.14039e-11 
POCZ: 7.36258e-06 2.5064e-13 3.32483e-08 0.00288682 1.01804e-05 3.13626e-08 0.28934 1.64927e-05 1.85363e-07 4.38608e-05 6.16468e-09 0.000120834 5.00683e-09 4.81542e-09 2.50915e-09 0.0172919 1.71796e-05 9.00795e-13 4.70474e-09 8.00756e-07 3.05324e-08 0.000830076 2.20567e-05 3.17143e-09 4.13069e-09 1.84324e-05 2.54504e-06 0.0267231 5.08513e-09 4.49906e-07 1.15858e-08 0.0449498 1.76942e-05 0.000322736 1.12559e-08 2.91627e-11 
POCZ: 5.59071e-08 2.32366e-10 9.52334e-09 0.000247753 1.0191e-05 1.06842e-05 0.000167458 0.00552844 7.65963e-07 0.00981849 1.73379e-08 0.00229484 1.07692e-10 1.97777e-07 1.86815e-11 0.000136913 0.112403 1.07988e-13 1.44184e-06 1.95724e-08 0.0005375 7.59586e-08 0.071449 1.89764e-09 1.39978e-11 1.69528e-06 0.00144576 0.000834785 8.53171e-10 1.32886e-06 2.05567e-08 0.000279938 0.000422153 0.000789805 1.47949e-08 1.6001e-12 
POCZ: 5.70709e-08 2.893e-11 1.78707e-08 0.000277168 0.000225567 8.35814e-07 1.57576e-05 0.000118702 1.53009e-07 0.00097291 3.50027e-09 0.000354462 1.85881e-09 1.07773e-07 9.44353e-12 0.00745564 0.00263981 4.0367e-12 9.16737e-09 1.1802e-08 3.34286e-05 1.27282e-07 0.0012049 1.16767e-09 5.15803e-11 0.000631322 0.0294383 0.00119377 3.20128e-09 2.95437e-07 1.22913e-07 0.000190025 1.39473e-05 1 1.98801e-09 4.5097e-12 
POCZ: 2.24314e-06 1.38026e-12 1.03919e-08 0.000907516 4.62488e-05 3.88924e-08 0.133707 1.03753e-05 1.69893e-07 0.000184621 5.29181e-09 0.000132321 1.53693e-09 1.49132e-08 2.57003e-09 0.017867 4.01057e-05 7.90524e-13 2.14649e-09 5.45744e-07 1.28086e-07 7.11586e-05 0.00243835 1.32724e-09 2.80689e-09 0.000150161 1.39307e-05 0.00714045 3.74112e-09 4.22322e-08 4.32238e-08 0.30455 1.99679e-05 4.44909e-05 1.01047e-08 7.62189e-11 
POCZ: 1.49709e-06 1.22415e-13 4.78089e-08 0.000220216 2.58812e-05 1.06837e-08 0.0363554 9.29551e-06 1.74644e-07 0.000118603 8.70223e-09 6.47913e-05 4.00477e-09 1.43209e-08 2.70169e-10 0.00271741 0.000222772 2.18506e-12 5.1741e-09 1.59932e-07 3.82753e-08 0.000415076 0.000879673 1.45911e-09 2.08391e-09 3.64451e-08 0.00010124 0.0340238 2.81379e-09 4.08784e-07 3.18425e-08 0.00830628 1.92608e-05 0.000259832 7.83261e-09 9.59858e-12 
POCZ: 1.65341e-06 5.0802e-13 1.97167e-07 0.00398221 9.02465e-05 5.68318e-08 0.0783657 1.82209e-05 3.42934e-09 1.22257e-05 1.9965e-08 2.79959e-05 1.59267e-08 3.73574e-08 2.97918e-08 0.000384459 2.30135e-05 2.4324e-12 1.58997e-08 2.02125e-07 2.68704e-08 1.04509e-05 0.000232612 1.20161e-10 7.34659e-11 3.54207e-09 0.0310348 0.111614 4.55384e-09 1.04905e-05 4.6568e-09 7.23729e-05 0.000185872 4.83644e-07 9.99666e-08 2.49332e-10 
POCZ: 7.62164e-07 1.84364e-12 3.23961e-08 1.61639e-05 6.36091e-06 3.93417e-08 0.0491874 6.15092e-05 3.42548e-06 0.000433345 2.01875e-08 0.000630212 2.75182e-09 9.38999e-09 2.89478e-10 0.00129322 0.000128075 7.70611e-13 3.41932e-09 1.38575e-07 3.59469e-07 0.000207335 1.31605e-05 5.38748e-09 1.14426e-08 1.29417e-05 9.29368e-05 0.00193043 1.57869e-08 1.75984e-07 2.65255e-08 1 5.36816e-06 0.00516033 6.24654e-09 9.82274e-12 
POCZ: 1.27918e-05 8.19719e-09 0.000499709 5.9391e-05 1.99277e-05 0.00189063 1.23609e-06 4.71635e-07 0.000481813 1.15373e-07 0.00180022 0.00232553 2.27199e-05 1.41078e-05 0.0330266 3.41492e-05 4.32059e-07 1.81843e-07 5.74622e-08 0.00106208 1.22153e-07 0.000498763 3.36065e-08 0.0060876 1.62635e-05 1.43172e-06 1.59971e-06 1.45203e-06 0.00736902 1.23245e-05 5.81738e-06 0.000663811 8.74104e-06 5.38005e-10 1 3.55399e-09 
POCZ: 2.26169e-05 1.24539e-08 0.000300368 5.16969e-05 1.81141e-05 0.00375114 2.10224e-06 6.11536e-07 0.000393146 2.81491e-07 0.00132718 0.00167073 2.20546e-05 1.14732e-05 0.0268548 1.82933e-05 4.51277e-07 1.41755e-07 2.13639e-08 0.00153512 6.64014e-08 0.000822398 5.2673e-08 0.00633628 2.66327e-05 6.24501e-07 1.95926e-06 1.94895e-06 0.00450219 1.81413e-05 4.12058e-06 0.000937522 6.197e-06 2.16207e-10 1 1.92697e-09 
POCZ: 2.44179e-06 2.3417e-13 1.30583e-06 0.000454776 2.51202e-05 9.7994e-08 0.00310795 0.000290143 1.83281e-08 0.00370528 1.68505e-06 8.13734e-06 6.2406e-09 4.00632e-09 2.11396e-07 3.91014e-06 1.43245e-05 1.6588e-11 1.54766e-07 5.8467e-07 1.34596e-08 1.44358e-05 5.95112e-06 1.25021e-09 6.19524e-11 1.10995e-10 0.0237663 0.00731507 2.04975e-07 0.00853347 4.70039e-09 0.0204491 0.000912427 4.68983e-07 6.48372e-07 8.26206e-10 
POCZ: 2.47089e-05 1.02047e-12 2.66843e-08 0.0225933 0.39054 3.18369e-06 1.30001e-06 4.85069e-08 2.44426e-09 0.00154136 6.04362e-07 7.61858e-06 1.78432e-08 1.24531e-09 3.33753e-10 0.003064 8.46716e-06 6.13292e-11 7.41097e-07 1.08479e-05 1.82345e-10 5.03529e-06 2.52499e-07 6.76109e-09 1.40231e-10 4.08139e-07 4.65904e-07 0.0393578 1.67895e-08 1.98509e-07 2.73382e-08 0.000216845 0.00709669 3.5281e-07 3.97502e-07 3.48338e-09 
POCZ: 1.26317e-05 1.23444e-13 2.22616e-08 0.0173894 0.0266406 2.38667e-07 3.61384e-05 3.55699e-07 2.7591e-09 6.38006e-05 9.11734e-06 6.591e-06 2.28599e-09 1.24049e-09 7.91727e-10 0.000130518 9.36922e-06 3.11513e-11 6.36102e-08 2.07641e-06 8.97677e-10 2.4461e-07 7.85001e-07 2.93283e-10 2.74449e-11 2.5143e-08 7.33537e-06 0.132041 1.79067e-08 2.04614e-07 7.79638e-08 7.84137e-05 0.00815559 2.32075e-07 1.02542e-07 2.72635e-09 
POCZ: 7.12222e-06 1.30066e-12 4.84145e-08 0.22767 0.0219301 2.30502e-07 5.55826e-06 7.39898e-08 2.50943e-09 0.000129333 8.01805e-06 3.32222e-06 5.83548e-09 1.50991e-09 5.58137e-10 0.000155619 1.88559e-06 6.63436e-11 5.81988e-08 1.00211e-05 1.5993e-10 3.34913e-07 2.45652e-07 4.9445e-10 1.72299e-10 7.25704e-08 1.05752e-05 0.323575 1.23224e-07 8.91474e-08 6.41308e-08 1.64113e-05 0.00125655 1.61339e-07 3.1445e-07 8.54097e-09 
POCZ: 7.47425e-08 9.57513e-12 3.12067e-07 0.000873108 6.10121e-05 2.81339e-07 0.149994 1.55132e-05 3.24679e-07 0.000405464 8.7877e-07 0.000281346 1.86165e-08 8.05297e-08 2.93554e-08 0.000177499 1.05226e-05 6.65976e-11 1.65124e-06 1.85278e-06 1.0412e-07 0.000445587 0.000128948 2.89736e-10 9.32502e-09 7.8857e-09 0.000785967 0.0038197 2.12762e-08 0.000900495 2.89484e-08 0.064983 2.6194e-08 0.000451782 1.5969e-06 1.71852e-09 
POCZ: 2.54094e-06 1.10462e-15 1.56905e-06 0.0544542 7.79307e-05 6.74354e-05 1.28062e-07 0.000151238 1.93638e-07 7.54507e-06 0.0002088 2.77943e-05 7.84707e-08 1.92399e-06 0.000142326 1.82211e-05 8.48488e-05 5.55481e-12 3.38452e-07 0.0119704 2.48192e-07 3.47753e-06 3.16585e-08 2.84853e-07 1.3731e-09 6.45012e-08 1.26252e-06 1.09863e-05 8.64398e-05 0.276359 2.53959e-07 0.0038299 5.82887e-05 6.12053e-05 0.000237368 8.52273e-10 
POCZ: 1.32231e-05 8.42352e-09 0.000499822 5.86782e-05 1.95702e-05 0.00193196 1.24539e-06 4.76544e-07 0.000475996 1.20466e-07 0.00178686 0.00227034 2.25842e-05 1.38253e-05 0.0334564 3.42958e-05 4.4037e-07 1.78522e-07 5.56205e-08 0.00108545 1.2195e-07 0.000496824 3.44434e-08 0.00624156 1.67007e-05 1.40048e-06 1.64268e-06 1.49214e-06 0.00710511 1.22813e-05 5.78332e-06 0.000675322 8.56929e-06 5.32158e-10 1 3.55068e-09 
POCZ: 0.000305362 7.85857e-12 6.96979e-06 0.000641608 6.94754e-07 0.000104575 2.71035e-07 3.49455e-06 3.1738e-06 1.85577e-07 3.81642e-05 0.000330939 1.87116e-06 9.61327e-09 0.00225598 0.000186009 1.3037e-05 1.35471e-09 4.56342e-10 0.00206178 5.14341e-08 0.000217956 3.18274e-07 4.15248e-06 3.20626e-07 1.9223e-08 0.000199822 5.64566e-06 5.27461e-05 0.257462 7.87028e-07 0.000102117 0.000395829 7.56713e-10 0.000637357 3.92546e-08 
POCZ: 1.12922e-05 5.65068e-14 1.01841e-08 1 0.0288385 3.21842e-05 3.27042e-05 1.74741e-06 1.48297e-08 3.00179e-05 1.19385e-05 6.23443e-05 7.55892e-09 7.95524e-10 1.16074e-08 0.00310626 6.29716e-06 2.06722e-12 8.04481e-09 7.38297e-06 9.77595e-11 1.02176e-06 2.07937e-07 8.11395e-10 4.08922e-11 5.68307e-08 0.00026164 0.00157435 2.21727e-08 2.57462e-06 1.28761e-08 0.000168432 0.000338496 1.41886e-08 7.85458e-08 3.98348e-09 
POCZ: 5.507e-06 1.55892e-11 7.57792e-08 0.00245272 0.00238369 3.17506e-07 0.000167347 4.2548e-07 5.10047e-09 9.53019e-05 2.1942e-06 7.4652e-06 3.72736e-08 3.52385e-08 9.54213e-11 0.000145031 3.15502e-07 5.9846e-11 5.37334e-08 6.18774e-06 1.38549e-10 8.09016e-08 1.35234e-07 1.43665e-09 1.57757e-09 2.63925e-08 2.46911e-06 1 5.81752e-08 1.43046e-07 3.8608e-08 2.7458e-05 0.00252236 4.11931e-07 1.54079e-07 7.60607e-09 
POCZ: 2.09601e-05 8.8359e-14 1.75385e-08 1 0.0315115 8.02055e-06 0.000425948 1.75141e-06 1.88935e-09 1.21446e-05 7.10082e-06 1.49489e-05 7.26047e-09 5.63467e-10 5.64712e-09 0.00130676 1.13332e-05 2.81086e-12 1.573e-08 1.71231e-06 5.26162e-10 2.7856e-07 4.9258e-07 6.32681e-10 1.69255e-11 3.83385e-09 0.00113922 0.00326006 1.76296e-08 1.10361e-06 2.32151e-08 3.19081e-05 0.000240104 4.71804e-08 8.96168e-08 8.40495e-09 
POCZ: 1.88504e-06 1.17621e-12 3.16466e-08 0.000326925 0.00370763 1.01093e-07 0.00175628 7.37326e-07 3.96427e-08 8.41262e-05 5.95959e-07 4.60879e-05 7.78268e-09 7.5256e-09 3.85067e-09 0.000208205 1.9348e-05 1.06939e-11 5.05137e-09 3.22698e-07 2.37455e-09 2.64719e-06 1.54297e-06 7.55301e-10 1.87001e-10 4.51995e-07 0.00532824 0.000634065 6.85281e-09 2.37109e-05 4.17199e-08 0.00349352 0.000743016 1.36429e-06 8.17994e-08 1.55307e-09 
POCZ: 7.52339e-05 2.20988e-12 8.06539e-09 0.202182 0.000432208 1.4929e-07 2.82732e-05 1.9027e-05 3.14752e-10 6.51091e-05 1.14724e-06 5.69679e-05 6.88486e-10 6.90551e-09 1.57766e-08 0.000149218 1.80475e-06 1.10475e-09 2.03438e-09 2.69015e-06 7.69894e-10 2.55021e-07 1.2027e-07 2.20686e-11 1.05297e-09 3.95595e-07 0.000175175 1 2.65711e-07 1.47635e-06 8.40506e-09 0.00617118 0.000318871 2.97396e-07 4.31098e-08 4.2765e-10 
POCZ: 2.56896e-05 3.07372e-12 4.62723e-09 1 0.0156394 5.68952e-07 2.02024e-06 1.40444e-07 1.71222e-09 0.00379152 7.89416e-06 2.67879e-06 2.03982e-09 3.40356e-10 1.14348e-09 9.36372e-05 1.70141e-06 1.34703e-10 3.92731e-08 7.30026e-06 1.1579e-10 1.33904e-06 1.45006e-07 1.07683e-09 1.25852e-10 1.78675e-06 1.52117e-07 0.0267154 6.148e-08 9.39082e-08 1.55633e-08 0.000986933 0.000203475 1.42383e-07 1.5782e-07 1.84289e-09 
POCZ: 1.61019e-05 2.94285e-11 1.67004e-09 5.96222e-05 0.00485882 2.35512e-07 0.000870775 4.96488e-07 1.74632e-08 2.86528e-05 9.30179e-06 1.51532e-05 5.65636e-09 1.44031e-07 3.77588e-10 4.08972e-05 1.6617e-06 6.18633e-10 1.14425e-07 4.76561e-05 4.11685e-10 6.39681e-07 1.76893e-06 7.09729e-10 1.70574e-09 6.47676e-09 5.19932e-05 1 5.93916e-08 9.77804e-07 1.87577e-08 0.00246542 0.000174497 8.59048e-07 1.11947e-07 1.22161e-08 
POCZ: 4.06139e-05 1.09911e-13 1.03486e-08 0.00852417 0.0100236 0.000100881 0.000646427 9.45075e-06 5.56829e-09 2.54088e-06 2.33348e-06 3.55865e-05 1.12901e-08 9.68016e-10 2.16531e-08 3.62623e-05 5.90479e-06 1.15225e-11 2.37526e-08 2.65433e-06 1.47871e-10 7.2495e-07 4.57945e-07 8.62238e-11 6.95661e-11 5.12505e-09 1 9.53592e-05 3.4823e-08 3.92411e-05 2.63243e-08 0.00336626 0.000420237 2.00202e-08 4.91129e-08 6.77086e-09 
POCZ: 2.69181e-06 1.14834e-11 9.84577e-09 0.0541509 8.28054e-05 1.00551e-07 0.0234811 6.70114e-07 4.14248e-09 0.000452368 4.09002e-08 1.36523e-05 1.56256e-09 2.88337e-08 1.26932e-09 0.00125281 9.86289e-05 1.00199e-11 1.20873e-10 2.14129e-07 8.99287e-09 1.44548e-08 4.76304e-06 1.06152e-08 1.17462e-09 8.62861e-06 0.000120159 0.00416839 6.37095e-09 1.77214e-05 1.89981e-08 0.0467645 0.00038692 3.60308e-09 1.33203e-08 1.35726e-08 
POCZ: 0.000102098 4.47881e-07 1.49398e-07 0.000144569 9.709e-07 3.97082e-07 8.10223e-07 0.00482905 1.0737e-05 0.00103288 2.95523e-07 3.77249e-05 1.6106e-08 1.93045e-07 8.99098e-08 0.000934501 0.000827443 3.87907e-08 1.55015e-05 0.000458432 4.70754e-07 0.00011909 0.00102683 1.46716e-07 1.68547e-07 4.41966e-06 4.90104e-05 1.78256e-06 3.13526e-08 1 9.05594e-08 0.064248 9.91166e-05 5.57152e-08 1.62081e-07 2.79018e-10 
POCZ: 0.000498553 3.65333e-07 2.31887e-07 3.11024e-06 0.000554243 2.43389e-06 3.31024e-07 0.0194862 0.000150383 9.58716e-06 5.74667e-06 0.000186655 4.67988e-08 8.18817e-06 5.42876e-08 1.8901e-07 3.04593e-06 1.15863e-07 0.00218463 5.35627e-05 5.51125e-07 2.5721e-05 0.000444636 2.62304e-06 9.3811e-07 6.34037e-05 1.809e-05 1.60057e-05 6.27693e-08 0.183387 4.0752e-07 0.0926994 1.92017e-06 6.70195e-08 1.88583e-05 2.33454e-12 
POCZ: 2.00517e-05 1.52928e-08 0.00143319 3.53943e-05 1.24079e-05 0.00220313 9.19407e-06 7.32409e-07 0.000167836 1.82032e-07 0.154187 0.00127487 3.32486e-05 9.45348e-06 0.0148207 6.17333e-06 2.69826e-07 2.62015e-07 6.32596e-08 0.00165854 8.77794e-08 0.000217238 1.14149e-07 0.00352128 3.12447e-05 4.0676e-07 6.30341e-06 1.25067e-06 0.012107 7.77485e-06 4.00277e-06 0.000419898 2.42049e-06 2.35431e-10 1 3.79401e-09 
POCZ: 3.21816e-05 6.20107e-12 2.04777e-09 0.000281413 0.161594 1.1157e-05 1.26542e-05 3.0515e-06 3.75816e-08 3.86448e-06 1.14083e-06 6.54731e-05 2.34513e-08 3.19418e-09 7.42494e-10 0.000232097 1.83546e-05 3.16931e-11 3.18693e-08 3.3899e-06 1.40895e-09 9.81958e-08 9.35382e-05 1.20682e-10 6.60092e-11 1.57518e-07 0.064658 0.000673013 4.98747e-08 7.68643e-06 1.1907e-07 0.0160267 0.000113744 8.52994e-07 2.25385e-07 5.43702e-09 
POCZ: 3.28715e-05 2.79179e-12 3.15485e-08 1 0.00199962 1.76803e-07 6.86899e-06 2.47748e-07 1.45116e-09 0.000169693 3.51803e-06 3.46176e-06 4.37392e-09 1.50068e-10 2.03741e-10 0.000539894 8.57796e-07 4.88814e-11 3.25298e-08 2.98836e-06 6.47081e-11 1.47571e-06 6.13454e-08 1.20448e-09 1.21722e-10 5.8547e-07 2.37069e-06 0.0154009 1.71641e-07 3.24157e-07 1.09166e-08 0.00012417 0.000492332 3.76117e-07 3.64602e-07 5.91644e-09 
POCZ: 0.00014906 1.10189e-12 3.97834e-06 9.35773e-06 4.23088e-07 5.08165e-05 1.66999e-06 5.33236e-05 1.25391e-05 8.32431e-07 3.86322e-07 0.000249746 8.01052e-08 2.32177e-05 2.60065e-05 6.36905e-06 0.000219805 6.11383e-09 7.28636e-10 0.0110887 2.29493e-06 2.13823e-05 4.41239e-06 1.37949e-05 1.30381e-06 1.63929e-06 2.21273e-05 4.49432e-06 8.35466e-07 1 4.96527e-07 0.00370197 5.98662e-05 4.55926e-08 0.00264982 1.87316e-10 
POCZ: 1.34213e-06 4.06699e-12 9.72378e-09 3.60022e-05 0.000955142 4.40878e-08 8.67742e-05 4.44848e-06 3.73889e-07 0.011975 2.37883e-07 0.00026686 2.05426e-09 1.09586e-08 4.9282e-10 0.00076207 1.47475e-05 7.98104e-13 1.74451e-09 1.75629e-06 4.84971e-09 8.99801e-06 8.61096e-06 9.89322e-10 2.55535e-10 0.0114845 9.57043e-05 0.000197644 1.03988e-08 1.57298e-07 4.52496e-08 1 3.27336e-06 0.000101321 9.94975e-08 9.19213e-11 
POCZ: 1.10799e-05 2.40778e-13 3.01315e-08 0.322509 0.228041 2.62744e-07 7.85522e-05 2.67673e-06 1.07173e-08 2.45736e-06 1.40095e-05 5.65801e-06 6.33004e-09 2.59973e-10 1.19746e-09 5.36185e-05 6.67967e-06 1.82614e-11 3.57872e-08 2.02002e-06 2.55449e-10 9.37172e-07 5.89858e-07 4.7832e-10 1.0668e-10 5.26506e-08 0.000390994 0.00160321 5.65743e-08 5.92035e-06 1.57328e-08 0.000130585 0.00100179 1.20386e-07 3.09933e-08 1.13437e-08 
POCZ: 1.43448e-06 1.10204e-10 2.60139e-08 2.83496e-05 0.00327353 1.7718e-07 0.000162987 0.00583919 3.19176e-07 0.000407712 4.03547e-07 0.000417024 2.7027e-09 6.93162e-08 1.97553e-10 2.53542e-07 0.000297725 1.04692e-11 7.85966e-08 8.33198e-08 1.70586e-06 1.91915e-06 0.000124957 4.39037e-09 7.44012e-10 3.83565e-06 0.0517729 3.97286e-05 8.64487e-09 9.17529e-06 8.43651e-08 1 1.35628e-05 8.38096e-07 6.79832e-09 5.49503e-12 
POCZ: 0.00011295 1.4324e-09 1.87258e-07 0.000397029 6.33055e-05 2.58949e-08 8.04511e-06 0.000384665 6.61149e-07 0.000397247 2.71206e-08 0.000165679 6.18088e-09 1.93046e-08 7.80599e-10 1.97993e-05 2.2009e-05 9.967e-09 2.20467e-08 6.49763e-09 1.75037e-07 3.72472e-05 6.99399e-06 7.01175e-08 3.43397e-08 2.65116e-05 0.00452866 8.94371e-06 4.25244e-08 4.9171e-06 1.55291e-06 0.322362 4.08194e-07 4.32005e-05 1.35169e-08 3.70997e-11 
POCZ: 2.17478e-05 5.6048e-12 1.26068e-07 1 0.000192087 8.92463e-09 4.85811e-05 1.54513e-07 2.94722e-09 0.000624923 1.27405e-06 1.14669e-06 1.24931e-08 3.41798e-10 2.03373e-10 0.00120338 1.98657e-06 5.48092e-11 1.36767e-08 7.47721e-07 1.99321e-10 1.90485e-06 2.17263e-07 7.82411e-10 1.63492e-10 4.59926e-07 2.4156e-05 0.152889 1.70628e-07 6.02064e-06 3.89818e-08 3.18067e-05 0.00515402 6.01593e-07 4.17186e-07 6.31537e-09 
POCZ: 1.34921e-05 1.6005e-12 6.21232e-08 1 0.00382961 2.05559e-07 3.66229e-06 7.15774e-07 1.08066e-09 9.38206e-05 3.25667e-06 2.13e-06 3.71806e-09 5.46236e-10 5.11691e-10 0.000190912 1.30722e-06 2.30089e-11 1.71169e-08 1.71046e-06 1.23205e-10 5.61975e-07 4.43654e-08 1.2764e-09 8.71817e-11 2.73984e-07 1.12518e-05 0.0371527 2.27461e-07 7.49263e-07 2.92078e-08 3.75946e-05 0.000980804 7.23941e-08 1.17302e-07 8.61855e-09 
POCZ: 2.51452e-07 1.00188e-13 1.06583e-08 0.00557025 7.38861e-05 6.87827e-08 0.0241727 1.07456e-06 6.89748e-09 2.18487e-06 2.85392e-08 0.000725082 6.11272e-09 2.17178e-09 1.74184e-09 0.0203673 5.13804e-06 2.23237e-13 1.12851e-09 7.13283e-08 1.20755e-08 5.98145e-05 2.60928e-07 5.40616e-10 5.42666e-10 2.07271e-05 3.1662e-06 0.0270728 8.16463e-09 9.55448e-08 1.12384e-08 0.0131419 6.92954e-05 0.000183364 1.83014e-08 1.8716e-10 
POCZ: 0.000904474 4.01556e-11 4.54165e-09 9.75227e-05 0.00100153 9.03985e-08 0.00294004 3.90679e-07 7.48549e-09 0.00032647 1.49977e-05 3.2844e-05 1.18578e-09 4.68038e-08 3.23726e-10 9.86217e-05 2.79971e-06 9.54476e-09 3.9429e-07 1.575e-05 7.27711e-09 5.95714e-06 3.08854e-06 2.51535e-10 9.68054e-10 1.8323e-08 1.87581e-08 1 4.72057e-08 4.20047e-07 2.71686e-08 0.00396406 9.6638e-05 5.67594e-06 4.40907e-07 4.38603e-09 
POCZ: 2.753e-05 8.70855e-09 7.74002e-07 0.0173302 4.54919e-06 1.39615e-06 0.0427504 6.31194e-07 1.71773e-06 2.0686e-05 1.18219e-07 9.88857e-05 6.56388e-08 1.64918e-09 1.07236e-07 0.000170641 5.37683e-06 1.00355e-10 6.76383e-09 4.82374e-08 4.54547e-08 3.9685e-05 2.99939e-05 3.73696e-09 1.83923e-10 3.5158e-05 0.000903349 0.010526 1.0785e-07 0.00028434 9.36016e-09 0.000288722 3.06715e-05 6.78373e-09 1.52174e-06 1.4531e-08 
POCZ: 8.41438e-06 4.07733e-12 1.24455e-08 0.00661231 0.00310646 1.8749e-07 6.80081e-05 1.17029e-07 4.93805e-09 0.000209369 6.05502e-06 4.80507e-06 4.42197e-09 1.18646e-08 3.79952e-10 0.000125669 1.2756e-06 8.63744e-11 1.50128e-08 1.45421e-05 5.06352e-10 5.5277e-08 6.49681e-07 3.07561e-10 1.85386e-10 2.62266e-08 1.25348e-05 1 1.11605e-07 1.32146e-07 7.23103e-08 6.17197e-05 0.000409059 3.42178e-07 4.05099e-07 4.69343e-09 
POCZ: 0.000166932 1.62513e-11 5.86666e-09 0.0118141 0.0412415 6.51438e-08 6.01245e-05 1.37795e-08 3.06625e-09 0.000336896 1.53133e-05 2.83744e-06 2.09802e-09 3.23218e-09 1.95473e-10 0.000257147 7.31228e-06 1.24773e-09 5.23344e-08 2.58083e-06 5.95787e-10 3.72844e-06 6.93325e-07 6.0112e-10 4.03614e-10 1.67619e-07 2.20124e-06 1 1.88754e-08 1.59926e-07 3.17622e-08 0.00144536 9.54956e-05 5.09552e-06 5.21125e-07 7.30913e-09 
POCZ: 0.000259697 6.46241e-11 2.39586e-08 2.37137e-07 5.18521e-05 3.13107e-08 0.303188 7.38416e-07 1.32736e-09 3.76627e-08 1.38647e-07 0.000107048 5.81105e-09 1.01205e-06 7.10455e-11 0.000165954 7.38002e-07 1.35986e-08 1.20601e-08 2.44209e-06 2.57653e-08 1.83911e-05 2.74638e-07 2.43702e-09 8.37613e-09 1.86536e-08 0.0179306 1 1.72018e-06 2.69197e-06 1.96772e-08 0.00688876 0.000144846 6.29861e-06 5.93682e-08 7.96275e-09 
POCZ: 1.04649e-05 7.97216e-12 1.2122e-08 0.464747 0.0010782 3.12601e-07 0.000158744 8.99917e-06 3.48963e-09 1.96722e-05 2.1021e-06 4.90356e-06 3.68845e-09 2.51119e-08 5.5749e-10 8.19852e-05 1.17326e-06 7.60333e-11 2.79636e-08 8.58839e-06 1.24412e-10 4.13549e-07 6.18617e-08 1.19592e-09 1.18616e-09 4.91643e-08 4.88705e-05 0.29066 1.62035e-07 1.47353e-06 3.92513e-09 0.000501237 0.00120013 1.14553e-07 2.57444e-08 1.34995e-08 
POCZ: 0.000188496 4.95027e-13 1.2236e-09 1 0.000214391 1.521e-05 4.72283e-05 4.18555e-07 1.99682e-09 0.038974 6.09145e-06 1.68173e-05 4.67339e-09 1.27059e-09 3.97661e-08 0.000173001 2.30282e-06 2.44821e-12 2.42426e-08 1.18231e-05 2.18016e-10 9.98429e-07 3.11106e-08 2.66269e-10 1.19764e-10 8.77818e-08 4.9821e-06 0.49798 4.69533e-08 1.19855e-06 4.18064e-08 0.000609343 4.99613e-05 2.03376e-08 3.51729e-07 1.62023e-09 
POCZ: 1.34921e-05 1.6005e-12 6.21232e-08 1 0.00382961 2.05559e-07 3.66229e-06 7.15774e-07 1.08066e-09 9.38206e-05 3.25667e-06 2.13e-06 3.71806e-09 5.46236e-10 5.11691e-10 0.000190912 1.30722e-06 2.30089e-11 1.71169e-08 1.71046e-06 1.23205e-10 5.61975e-07 4.43654e-08 1.2764e-09 8.71817e-11 2.73984e-07 1.12518e-05 0.0371527 2.27461e-07 7.49263e-07 2.92078e-08 3.75946e-05 0.000980804 7.23941e-08 1.17302e-07 8.61855e-09 
POCZ: 1.12384e-07 3.79692e-12 6.15679e-08 0.0813648 0.00734035 6.83806e-07 1.27109e-06 0.000209056 1.74268e-08 4.76532e-05 1.73867e-07 0.000156742 3.95232e-08 1.25049e-09 6.61584e-09 0.000799465 4.43266e-05 6.58864e-13 3.09399e-09 2.75506e-07 4.87349e-09 3.22727e-06 4.12746e-07 8.73875e-10 1.18332e-11 8.6623e-06 3.43049e-06 0.00433723 6.5553e-08 4.88238e-07 2.45237e-09 0.0115036 0.0142445 3.82324e-07 2.03278e-08 3.48477e-10 
POCZ: 1.20136e-05 1.48852e-12 7.51244e-08 1 0.0274461 3.47294e-06 8.39716e-07 1.42557e-06 2.96293e-09 0.000142563 5.18798e-06 8.08286e-06 1.12204e-08 1.08428e-09 2.25487e-09 0.000463816 8.30162e-07 8.76146e-12 5.83248e-08 2.65417e-06 7.85128e-11 3.5553e-07 6.48985e-08 4.17306e-09 3.17e-11 1.89971e-07 1.38966e-05 0.0386972 5.41202e-08 8.10316e-07 3.34075e-08 5.64009e-05 0.000488268 6.3222e-09 6.93037e-08 3.61951e-09 
POCZ: 1.21863e-05 1.56979e-13 1.70702e-08 2.14739e-07 1 4.40914e-06 0.00185141 3.77472e-06 4.37038e-08 7.65601e-06 1.99053e-06 3.36658e-05 5.4545e-09 1.25801e-08 1.24579e-09 6.58534e-05 0.000190144 4.01522e-11 2.98997e-07 5.29265e-07 1.25523e-09 1.17051e-07 2.14422e-06 1.8809e-09 1.91702e-10 2.27715e-09 3.32079e-05 0.0889095 2.93281e-09 1.1215e-07 7.17822e-08 2.97257e-05 0.0268239 1.91805e-07 5.27659e-08 1.42174e-08 
POCZ: 9.89339e-06 8.66457e-13 4.28839e-09 6.38627e-06 0.1416 1.43968e-07 0.00657443 6.60208e-07 3.57575e-08 7.36968e-06 4.08447e-06 6.02131e-05 1.67339e-09 2.11504e-08 7.27029e-10 6.66929e-05 5.18951e-06 3.4322e-11 1.85652e-07 1.99913e-05 2.85783e-09 5.40556e-08 1.22164e-05 5.98871e-11 2.11056e-10 6.66744e-09 4.95706e-06 1 2.5672e-08 3.22082e-08 4.10681e-08 0.000204664 0.000834074 8.18069e-07 2.91515e-07 2.363e-09 
POCZ: 0.000116169 5.92221e-09 5.02868e-09 1.46391e-06 0.00288232 1.2746e-06 1.09443e-05 9.11249e-08 5.86164e-10 7.26999e-05 5.48183e-07 6.81337e-06 9.59758e-08 7.04067e-07 9.58819e-11 7.97704e-05 2.28751e-06 1.44328e-08 6.86739e-10 2.03274e-06 6.3064e-08 3.78427e-06 1.0192e-06 1.08285e-09 7.15603e-09 2.13969e-07 0.0306047 0.233042 8.64113e-06 3.13633e-06 2.10789e-07 0.00333782 9.9106e-05 9.58241e-06 2.10226e-07 2.64665e-08 
POCZ: 8.21037e-05 1.44796e-11 8.83199e-10 1 0.00130697 1.27644e-06 8.84564e-06 8.16415e-07 1.09473e-09 0.0110222 9.74737e-06 3.56689e-06 1.41946e-09 2.48041e-09 4.97075e-09 2.80213e-05 7.52639e-07 2.10167e-10 2.65644e-08 3.56944e-06 6.86789e-10 3.16196e-07 1.12276e-07 2.16187e-10 1.9634e-10 2.99191e-07 2.77636e-07 1 2.21773e-07 8.34463e-07 1.93601e-08 0.00281135 8.18741e-05 1.4921e-07 3.09438e-07 1.3298e-09 
POCZ: 4.32874e-05 2.46977e-12 1.30116e-08 1 0.00466405 8.18071e-06 2.79304e-05 5.85477e-06 4.39452e-09 0.00023772 7.39599e-07 2.09302e-05 1.12062e-09 3.22555e-09 5.98424e-09 4.53001e-05 6.4808e-06 9.61614e-12 5.9109e-08 8.41205e-07 6.03346e-10 6.82029e-07 6.19077e-07 4.09788e-10 3.56995e-10 5.12573e-08 1.47183e-05 0.134772 5.58547e-09 9.51001e-07 1.19947e-07 0.000178712 0.000261505 5.57739e-08 1.07981e-07 9.73982e-09 
POCZ: 0.000133607 7.0032e-14 1.24224e-08 0.0126471 2.17253e-05 3.03751e-06 0.00809176 8.46762e-08 8.23077e-09 0.000225387 1.63824e-06 4.66666e-05 1.52679e-08 2.08269e-09 4.71728e-09 0.0016603 8.47497e-06 5.7879e-12 8.77258e-10 2.3882e-06 1.67276e-09 1.17718e-06 6.54646e-07 1.57466e-10 3.02836e-11 6.06191e-09 7.55284e-06 1 1.90963e-08 7.24343e-06 1.36588e-08 3.6737e-05 0.000468683 5.04354e-07 2.82933e-07 1.52197e-09 
POCZ: 1.26204e-06 2.93337e-12 4.19478e-08 0.00115567 0.000959159 1.41415e-08 3.39156e-05 2.09993e-06 3.68494e-06 0.000485435 1.83423e-08 0.000357749 1.83937e-08 1.43325e-09 4.84912e-11 0.0337694 7.64879e-05 1.19753e-09 5.71796e-09 1.98779e-06 8.43097e-08 8.77165e-06 4.06412e-05 2.75651e-08 3.29518e-09 3.18635e-05 0.00859241 0.00112231 9.21719e-09 2.54305e-06 6.28677e-07 0.0232475 1.2813e-08 0.366766 8.96716e-09 3.54508e-12 
POCZ: 5.05692e-07 2.13913e-12 2.25605e-09 0.00086536 0.000911386 5.13851e-08 0.00595607 1.89028e-05 3.09277e-07 0.0025122 5.74525e-08 0.00193143 2.2202e-09 1.01791e-08 2.48737e-09 0.0136682 1.12827e-05 1.40217e-13 9.13215e-09 3.79968e-07 6.34428e-08 4.45929e-06 0.000272048 6.47125e-09 3.24469e-09 0.00115023 9.53984e-05 0.000670596 7.90182e-09 2.98475e-08 3.97414e-07 1 3.68349e-06 0.000145129 5.51538e-08 6.47472e-11 
POCZ: 0.000468689 1.41705e-10 3.20453e-05 0.000253878 3.81432e-06 0.000864167 2.09243e-06 3.91216e-06 8.41039e-05 8.88272e-08 0.000245974 0.000642856 2.69633e-06 7.1815e-07 0.0116541 5.98513e-05 6.29731e-06 5.10132e-09 1.69527e-09 0.00829755 9.7022e-08 0.000103384 1.36025e-06 0.000383165 1.40698e-06 1.68585e-05 3.09306e-06 1.15688e-06 0.000283638 0.074369 1.60385e-06 0.00106569 1.74989e-06 1.72451e-09 0.323647 6.83858e-09 
POCZ: 4.51543e-06 3.05135e-09 1.0544e-07 0.00597541 8.96149e-07 8.79659e-06 2.98172e-08 0.000138061 3.29794e-06 0.000490737 9.37536e-09 3.58731e-05 1.73284e-09 2.371e-07 5.26052e-10 1.74464e-05 0.000922404 1.08389e-09 1.24579e-06 6.28876e-07 1.90399e-05 2.48881e-06 0.000287585 2.17944e-08 1.19394e-10 0.00356959 0.0149708 0.000160445 4.53984e-09 0.000112959 4.21574e-08 2.0056e-05 0.0587039 1.48655e-05 1.44679e-08 6.29809e-11 
POCZ: 3.67632e-08 8.8816e-09 3.41866e-06 0.0128039 1.78029e-07 0.0113925 5.7362e-09 9.26929e-06 3.24284e-05 5.20593e-07 9.76872e-06 0.00259452 4.08749e-07 6.60584e-06 2.09417e-05 4.33738e-05 0.00338376 5.61591e-09 8.84306e-10 1.08393e-07 3.64872e-05 7.85969e-06 1.10501e-06 2.99408e-05 2.45865e-09 0.00366426 2.31459e-06 1.45084e-06 5.28463e-05 0.000431684 7.97754e-07 0.000364542 0.000325584 3.94477e-07 0.0366895 6.80924e-12 
POCZ: 5.55516e-05 5.98602e-13 4.47105e-08 0.083147 0.0194105 4.01514e-07 7.59165e-05 1.83242e-05 9.97819e-10 3.98617e-06 1.33689e-06 2.02475e-06 9.35562e-09 8.66389e-09 1.6879e-09 6.82852e-05 2.13722e-06 9.70784e-11 2.71436e-09 5.47459e-07 5.10675e-10 3.04212e-07 6.85871e-07 1.30912e-10 1.19993e-10 9.65726e-09 0.0252467 0.0306102 9.74825e-09 3.59631e-06 2.55468e-08 0.000128018 0.000965315 2.51187e-08 3.45073e-08 1.01452e-08 
POCZ: 3.69281e-05 3.3104e-14 7.29016e-09 0.00174668 1 2.69884e-05 7.64373e-05 5.5139e-06 2.90261e-09 2.39253e-06 3.23739e-06 2.07526e-05 1.81944e-08 1.90307e-10 1.96379e-08 0.000128081 1.02667e-05 2.26234e-11 1.41009e-08 2.12674e-06 9.8799e-11 2.17936e-06 3.19643e-06 3.79441e-10 1.54501e-10 1.8382e-08 0.243394 3.82985e-05 2.14056e-08 2.62753e-05 3.37362e-08 0.00324254 0.000423458 1.50345e-07 7.34737e-08 4.14934e-08 
POCZ: 0.000561767 2.71533e-09 1.04547e-08 1.0649e-06 0.000149889 1.08238e-07 2.06895e-05 1.35055e-07 1.28146e-09 3.86341e-05 2.4949e-07 0.000647157 1.15316e-07 2.40217e-06 4.3872e-10 0.00055207 1.32976e-06 7.10811e-08 3.83468e-08 0.000102043 1.20542e-06 8.64075e-06 1.6783e-07 2.04915e-09 5.78694e-08 4.78154e-06 1.20585e-06 1 2.32047e-05 2.11982e-07 3.96653e-07 0.00161265 0.000283649 7.06891e-05 1.57859e-06 5.54873e-09 
POCZ: 6.35396e-06 5.30124e-13 1.80422e-08 0.0442388 0.0689238 1.35106e-07 0.000185138 9.11936e-07 1.14707e-08 1.62746e-06 1.02515e-05 4.25894e-06 3.81808e-09 6.22458e-10 7.26845e-10 0.000108202 7.88276e-06 2.15189e-11 2.505e-08 1.19819e-05 2.09529e-10 2.94671e-07 3.67941e-06 9.47867e-11 8.28154e-11 4.78427e-08 0.000801596 0.0019888 4.84753e-08 3.47193e-07 2.7583e-08 0.000471764 0.000207054 2.1362e-07 8.83435e-08 8.64991e-09 
POCZ: 9.72326e-07 1.05952e-10 6.89485e-08 0.000452203 3.54629e-06 1.02608e-07 1.37222e-05 0.000512478 5.09271e-05 0.00290354 1.42072e-07 0.0010202 9.68675e-10 3.42013e-08 1.70094e-09 1.0994e-05 2.49848e-06 7.26076e-12 1.92346e-07 3.17987e-07 8.83175e-07 0.000185384 4.49273e-06 2.63534e-09 6.46241e-09 0.00175415 2.10617e-05 0.000407963 1.03641e-08 3.96349e-09 3.17918e-08 1 1.44848e-05 1.08842e-05 2.5704e-09 4.72769e-10 
POCZ: 1.41238e-06 2.30132e-13 1.96847e-08 0.000179557 1 5.52526e-07 0.000900321 8.1403e-08 8.16274e-08 4.4254e-05 2.98968e-05 5.85426e-05 2.39503e-08 6.47461e-09 4.2703e-09 0.00148337 1.38851e-06 1.40869e-11 1.15607e-07 1.86627e-05 7.4825e-10 6.39012e-07 1.15792e-07 1.04581e-09 1.96393e-10 2.08335e-09 8.48523e-05 0.249813 2.84272e-08 1.13509e-07 7.56066e-08 4.90232e-06 0.00117451 1.57062e-07 1.04423e-07 4.01641e-09 
POCZ: 2.09605e-06 8.29775e-12 1.75136e-08 0.00167974 0.0316078 2.51121e-07 2.75367e-05 1.57306e-07 2.72691e-09 0.000389627 1.71149e-06 4.9335e-06 1.50076e-08 9.56121e-08 4.24838e-10 0.00112423 7.37876e-07 1.3562e-11 2.85693e-08 5.23501e-06 1.07074e-09 1.80491e-09 8.98845e-08 1.29811e-10 1.6616e-10 3.91649e-09 0.000672645 1 7.85432e-09 5.52258e-08 1.26786e-07 1.64618e-06 0.000122104 5.31166e-09 3.70945e-08 2.4614e-09 
POCZ: 3.9255e-07 4.08763e-12 1.00173e-07 0.0823467 8.66684e-05 1.10339e-08 0.0133644 0.000782008 2.06717e-07 3.72897e-06 2.29246e-09 0.000131158 4.0382e-09 2.54884e-09 5.4816e-10 0.00111038 0.00142616 2.29145e-11 9.21422e-10 3.95378e-07 5.34574e-07 1.31762e-05 8.69244e-05 1.11444e-09 8.18268e-11 7.07532e-05 8.82494e-05 0.0182508 4.58994e-09 2.18149e-07 1.03697e-08 0.00471113 0.000290009 4.2026e-05 6.77835e-09 2.85466e-11 
POCZ: 3.9255e-07 4.08763e-12 1.00173e-07 0.0823467 8.66684e-05 1.10339e-08 0.0133644 0.000782008 2.06717e-07 3.72897e-06 2.29246e-09 0.000131158 4.0382e-09 2.54884e-09 5.4816e-10 0.00111038 0.00142616 2.29145e-11 9.21422e-10 3.95378e-07 5.34574e-07 1.31762e-05 8.69244e-05 1.11444e-09 8.18268e-11 7.07532e-05 8.82494e-05 0.0182508 4.58994e-09 2.18149e-07 1.03697e-08 0.00471113 0.000290009 4.2026e-05 6.77835e-09 2.85466e-11 
