Si
0.276329 0 0.39055 0.238565 0.0218962 0.215339 0.159618 0.133757 0.302414 0.0587303 0.134921 0.224971 0.101494 0.12861 0.167105 0.318422 0.21869 0.137859 0.113757 0.215766 0.278195 0.401243 0.609177 0.266553 0.387739 0.183752 0.0801211 0.206863 0.32768 0.167138 0.11011 
Si
0.192957 0.09834 0.382277 0.065735 0.0478743 0.159632 0.20433 0.153851 0.250124 0.228103 0.236178 0.0936871 0 0.170461 0.0948586 0.206808 0.21134 0.0863907 0.26081 0.041527 0.154499 0.176429 0.403625 0.298993 0.189352 0.248634 0.0913607 0.223451 0.330556 0.128168 0 
S
0.273921 0 0.469864 0.262886 0.147696 0.420029 0.137409 0.220715 0.2639 0.128571 0.108036 0.239591 0.0363686 0.0325461 0.14381 0.35982 0.252313 0.226611 0.136578 0.293363 0.170295 0.533491 0.423773 0.398189 0.132095 0.291793 0.038082 0.240408 0.420961 0.216315 0.10761 
Z
0.240995 0 0.148021 0.138245 0.144239 0.419906 0.38933 0.174385 0.493514 0 0.333813 0.196596 0.0556543 0.541737 0.234431 0.3072 0.345435 0.257582 0.00788714 0.301472 0.165317 0.0300265 0.341382 0.235861 0.493271 0.294419 0.121296 0.190816 0.571516 0.0845286 0.498514 
A
0.601786 0.44055 0.133336 0 0 0.206884 0.212012 0.553577 0.533769 0.128571 0.267874 0.113757 0 0.129517 0.00844511 0.101504 0.0407307 0.0186114 0.483973 0.164391 0.200076 0.112245 0.206962 0.246239 0.133092 0.595998 0.0897048 0.0991029 0.231279 0.207552 0 
Li
0.583173 0.191738 0.246843 0 0.0772124 0.530925 0.25558 0.574403 0.695694 0.276119 0.0814537 0.576437 0.253939 0.055901 0.749408 0.809082 0.617883 0.606765 0.454095 0.529524 0.397588 0.18052 0.301513 0.269316 0.169386 0.737211 0.378527 0.575933 0.739429 0.261256 0.133347 
F
0.765998 0.338394 0.248703 0.159034 0.137158 0.31738 0.150909 0.668939 0.767883 0.182244 0.258361 0.243095 0.132917 0.06668 0.432645 0.444771 0.339688 0.375654 0.542883 0.435787 0.292983 0.0745684 0.294194 0.235409 0.19447 0.678641 0.437009 0.33857 0.47052 0.224503 0 
Dz
0.0998963 0.06278 0 0 0.107301 0.233897 0.43476 0.0642214 0.327455 0 0.345909 0 0.00841229 0.309323 0 0.0933266 0.207731 0.0446362 0.06278 0.0297538 0.0376856 0 0 0.089978 0.225513 0.0935236 0 0.0028041 0.317216 0.143412 0.209791 
K
0.207208 0 0.216481 0.155441 0.290677 0.460731 0.291702 0.184456 0.405788 0 0.390985 0.212127 0.0134371 0.559203 0.240564 0.30935 0.304422 0.281977 0.0289957 0.290811 0.0829788 0.172384 0.301103 0.462032 0.548476 0.265054 0.116968 0.200869 0.540809 0.0966884 0.381795 
M
0.33543 0.120151 0.107143 0.1292 0 0.548871 0.570246 0.238997 0.486748 0.365932 0.180336 0.104411 0.194417 0.216172 0.239041 0.60228 0.658573 0.306804 0.26462 0.299592 0.297402 0.112245 0.246516 0.134921 0.190267 0.526762 0.0149857 0.358157 0.631871 0.202485 0.246566 
Z
0.0980257 0 0.0942143 0 0.246663 0.0206085 0.200514 0.0843706 0.217114 0 0.216764 0.134494 0 0.260647 0.137814 0.0909533 0.185453 0.124288 0.0797914 0.109441 0.0142857 0 0.120992 0.27103 0.268241 0.145101 0.0923357 0.124623 0.348981 0.0812283 0.0647282 
F
0.250275 0.202434 0 0.109977 0.122835 0.291403 0.428703 0.211639 0.461491 0.0989743 0.300146 0.0985264 0 0.346252 0.0999526 0.166542 0.390669 0.145832 0.260427 0.221466 0.125629 0 0.0974698 0.0422022 0.325552 0.252931 0.103459 0.137113 0.441689 0.203595 0.226788 
M
0.16922 0.0325734 0 0.0541714 0 0.522532 0.351652 0.11576 0.477069 0.06784 0.100559 0.233204 0.255668 0.166581 0.274417 0.594842 0.834024 0.583391 0.0920251 0.310385 0.544029 0 0.0383053 0 0.0602165 0.395373 0.0892997 0.386599 0.537697 0.185505 0.141195 
M
0.100615 0.000179143 0.0421429 0 0 0.233276 0.29996 0.0571805 0.354076 0 0.290144 0.0228114 0.254049 0.279878 0 0.258249 0.549058 0.287934 0.0240086 0.174973 0.259592 0.0421429 0.0356908 0 0.139973 0.255753 0.00804444 0.196345 0.34965 0.229445 0.112699 
M
0.0438098 0 0.112131 0.0664286 0.25622 0.0444612 0.182494 0 0.204518 0 0.105086 0 0.0179543 0.202376 0 0.185147 0.304657 0.162285 0 0.0099746 0.13351 0 0.230124 0.23977 0.160311 0.0768678 0 0.00598476 0.20278 0.0641792 0 
H
0.0674437 0 0.0408371 0 0.26401 0.189831 0.34847 0 0.245802 0 0.418072 0 0.0701011 0.380271 0.0714286 0.14657 0.283358 0.273311 0 0.0501664 0.148454 0 0.0121826 0.256697 0.2419 0.0621309 0.0714286 0.023367 0.323487 0.0668951 0.123816 
H
0.0674437 0 0.0408371 0 0.26401 0.189831 0.34847 0 0.245802 0 0.418072 0 0.0701011 0.380271 0.0714286 0.14657 0.283358 0.273311 0 0.0501664 0.148454 0 0.0121826 0.256697 0.2419 0.0621309 0.0714286 0.023367 0.323487 0.0668951 0.123816 
