0.211667
0.423333
0.635
0.846667
1.05833
1.7272
2.1844
2.6416
3.0988
3.556
4.0132
4.4704
4.9276
5.3848
5.842
6.2992
6.7564
7.2136
7.6708
8.128
8.5852
9.0424
9.4996
9.9568
10.414
10.8712
11.3284
11.7856
12.2428
19.4733
26.2467
33.02
39.7933
46.5667
53.34
60.1133
66.8867
73.66
80.4333
87.2067
93.98
100.753
107.527
114.757
115.214
115.672
116.129
116.586
117.043
117.5
117.958
118.415
118.872
119.329
119.786
120.244
120.701
121.158
121.615
122.072
122.53
122.987
123.444
123.901
124.358
124.816
125.273
125.942
126.153
126.365
126.577
126.788
