1 603 5359
2 20199 20666
3 20666 21511
4 21511 21862
5 21862 22378
6 22378 22727
7 22727 22900
8 22900 23074
9 23074 23428
10 23428 23603
11 23603 23780
12 23780 23959
13 23959 24138
14 24138 24317
15 24317 24496
16 24496 24675
17 24675 24854
18 24854 25210
19 25210 25689
20 25689 25917
21 25917 26268
22 26268 26626
23 26626 26806
24 26806 27167
25 27167 27345
26 27345 27523
27 27523 27698
28 27698 27873
29 27873 28218
30 28218 28563
31 28563 28909
32 28909 29263
33 29263 30191
34 30191 30595
35 35809 36035
36 36035 39740
