257:
6.19836	-0.989973	-2.26317	0.290698	-1.27547	-0.172542	-0.648275	0.0788121	-0.451437	-0.174347	-1.00409	0.0528422	23814.1	2860.85	5.27121e+06	6.35717e+09	372	2170	2604	
258:
3.6655	-0.862818	-2.55811	-0.123392	-0.665638	-0.620561	-0.648275	0.422589	-0.803526	-0.00282507	-0.925058	0.0361019	15143.2	3031.35	4.79801e+06	4.52721e+09	2170	2604	3348	
259:
4.37212	-0.898212	-2.0509	0.638057	-1.05906	-0.72871	-0.648275	0.505575	-0.576385	-0.318228	-1.06096	0.0407617	18603.1	3020.16	4.57701e+06	4.2688e+09	2170	2542	3286	
260:
3.37434	-1.27189	-2.36643	0.512495	-1.14409	-0.718805	-0.648275	0.497974	-0.527293	-0.266218	-0.976417	0.0899575	14971.1	2925.82	4.052e+06	3.76786e+09	372	2542	3286	
261:
1.38407	-0.747562	-2.65288	0.11495	-0.644148	-0.49065	-0.648275	0.322905	-0.815933	-0.101549	-0.899664	0.0209281	8189.78	2928.29	4.10081e+06	4.0448e+09	372	2728	3286	
262:
2.25624	-0.728616	-2.74896	-0.029251	-0.508957	-0.477106	-0.648275	0.312512	-0.893986	-0.0418195	-0.873919	0.0184339	9563.61	2720.92	4.00715e+06	4.50149e+09	2232	2728	3224	
263:
4.40825	-0.873722	-2.31073	0.462428	-0.83506	-0.5278	-0.648275	0.351411	-0.70571	-0.24548	-0.991341	0.0375375	19046.8	2979.85	4.32209e+06	4.01407e+09	2232	2728	3286	
264:
2.3871	-0.794739	-2.47346	0.301024	-0.758899	-0.57559	-0.648275	0.388082	-0.749681	-0.178624	-0.947739	0.0271391	13285.7	3098.07	4.13603e+06	3.99111e+09	2170	2666	3286	
265:
0.563293	-0.216159	-2.78858	-0.285234	-0.217819	-0.625791	-0.648275	0.426602	-1.06207	0.0642121	-0.863304	-0.0490323	8620.32	2970.45	3.64507e+06	3.70111e+09	2170	2666	3286	
266:
1.33913	-0.364628	-2.70697	0.0955836	-0.507425	-0.434696	-0.648275	0.27997	-0.89487	-0.0935276	-0.885169	-0.0294861	10450.7	3145.74	4.11726e+06	3.43141e+09	2170	2666	3162	
267:
3.4008	-0.628688	-2.5578	0.483357	-0.819127	-0.490034	-0.648275	0.322432	-0.714909	-0.254149	-0.925141	0.00527811	17588.9	3101.18	4.22648e+06	4.07394e+09	2170	2604	3348	
268:
4.09944	-0.160664	-2.69325	0.0858954	-0.373701	-0.464876	-0.648275	0.303128	-0.972076	-0.0895147	-0.888848	-0.0563384	24117.4	3134.38	4.09395e+06	4.08172e+09	2170	2604	3224	
269:
0.865586	0.00236638	-2.95149	-0.413662	-0.0688472	-0.631967	-0.648275	0.431342	-1.14808	0.117409	-0.819653	-0.0778017	8728.78	3192.29	4.87102e+06	4.55317e+09	2170	2604	3224	
270:
1.7575	-0.298702	-2.69031	0.34697	-0.524659	-0.333142	-0.648275	0.202045	-0.88492	-0.197655	-0.889635	-0.0381653	9271.33	3042.28	4.69459e+06	5.08174e+09	2108	2604	3224	
271:
3.97564	-0.242385	-2.75237	0.327865	-0.510465	-0.320815	-0.648275	0.192586	-0.893115	-0.189742	-0.873006	-0.0455796	18094.3	3063.75	4.3519e+06	3.24515e+09	2108	2604	3224	
272:
0.750808	0.270155	-2.71995	-0.596541	0.0594095	-0.718876	-0.648275	0.498029	-1.22213	0.19316	-0.881693	-0.113057	7451.54	3330.23	5.38572e+06	3.24267e+09	2170	2542	3224	
273:
1.52911	0.148543	-2.26803	0.0602552	-0.383758	-0.43734	-0.648275	0.281999	-0.966269	-0.0788941	-1.00278	-0.0970463	8261.69	3234.53	5.30864e+06	4.53942e+09	372	2542	3286	
274:
3.94693	-0.0638254	-1.72339	0.112104	-0.829806	-0.582026	-0.648275	0.393021	-0.708743	-0.100371	-1.14872	-0.0690874	17955.1	3478.93	5.7112e+06	3.30378e+09	2170	2542	3348	
275:
6.12837	0.227591	-1.56024	-0.361312	-0.606515	-0.218837	-0.648275	0.114336	-0.83766	0.0957249	-1.19244	-0.107453	28988.2	3329.54	5.59537e+06	4.30186e+09	372	2356	3348	
276:
4.88754	0.865469	-1.82523	-0.098228	-0.968282	0.091062	-0.648275	-0.123458	-0.628794	-0.0132483	-1.12143	-0.191431	24976.5	3400.65	5.02446e+06	2.71568e+09	2294	3348	4774	
277:
3.51467	-0.2607	-1.91564	-0.0213316	-0.605981	-0.214952	-0.648275	0.111354	-0.837968	-0.0450998	-1.09721	-0.0431684	14885.1	3876.13	6.57811e+06	-2.43688e+09	372	2232	6510	
279:
4.05206	1.26081	-1.52956	0.215162	-0.217026	-0.584234	-0.648275	0.394715	-1.06253	-0.143059	-1.20066	-0.243479	33785	4164.43	5.73259e+06	-1.66053e+09	2604	4278	7130	
