244:
1.70957	1.58855	-1.88119	-0.0935632	-0.103237	-0.561753	-0.648275	0.377465	-1.12823	-0.0151805	-1.10644	-0.286627	23530.8	2590.76	4.80869e+06	8.53947e+09	682	1178	3100	
245:
1.32974	-0.149236	-1.55949	-0.235528	-0.649016	0.0416713	-0.648275	-0.0855593	-0.813122	0.0436233	-1.19264	-0.0578429	14098.7	2678.78	3.98637e+06	4.41119e+09	682	1178	3100	
246:
2.96989	0.454354	-1.7449	-0.429184	-0.569277	-0.0332275	-0.648275	-0.0280875	-0.85916	0.123838	-1.14296	-0.137307	18758.4	2768.1	5.19889e+06	6.95323e+09	682	3100	3410	
247:
3.12995	0.068811	-1.07384	-0.227372	-0.351526	0.0230158	-0.648275	-0.0712444	-0.984879	0.0402448	-1.32277	-0.0865493	25000.9	2745.37	4.06036e+06	4.3855e+09	620	3038	3410	
248:
3.26796	-0.0342861	-1.63809	-0.4119	-0.550635	-0.18426	-0.648275	0.0878036	-0.869923	0.116679	-1.17158	-0.0729763	17894.9	2519.48	4.87015e+06	7.99029e+09	620	1178	3038	
249:
1.46457	0.744119	-1.98701	-0.090411	-0.72934	0.0539822	-0.648275	-0.0950058	-0.766748	-0.0164862	-1.07808	-0.175455	13598.8	2593.34	4.64584e+06	7.13748e+09	620	1178	3782	
250:
4.62841	0.0155222	-1.1325	-0.306229	-0.353773	-0.0731148	-0.648275	0.00251913	-0.983581	0.0729087	-1.30705	-0.0795337	32671.8	2459.77	4.64897e+06	8.0533e+09	682	1116	3038	
251:
1.86007	0.157553	-1.77388	-0.403371	-0.652792	-0.170503	-0.648275	0.0772476	-0.810943	0.113146	-1.13519	-0.0982325	11201.7	2387.73	4.54555e+06	8.09908e+09	620	1054	3038	
252:
1.34988	0.370609	-1.36728	-0.420028	-0.472604	0.0938961	-0.648275	-0.125633	-0.914974	0.120046	-1.24414	-0.126282	14297.3	2439.09	4.47794e+06	8.44917e+09	620	1054	3038	
253:
3.90787	0.0326728	-1.26325	-0.348846	-0.389542	-0.147691	-0.648275	0.0597437	-0.96293	0.0905612	-1.27202	-0.0817917	24349	2323.33	4.509e+06	9.42671e+09	620	1116	3038	
254:
3.10283	0.538585	-1.67265	-0.440535	-0.557002	-0.0903852	-0.648275	0.0157712	-0.866247	0.12854	-1.16231	-0.148396	16362.3	2367.5	4.70366e+06	9.43703e+09	620	1116	2976	
255:
2.55574	-0.0885876	-1.10105	-0.42536	-0.273597	0.113978	-0.648275	-0.141042	-1.02987	0.122254	-1.31548	-0.0658274	21831	2466.84	4.39742e+06	8.09803e+09	682	1116	3038	
256:
3.13528	0.0934835	-1.36943	-0.477409	-0.479695	-0.150936	-0.648275	0.0622332	-0.91088	0.143814	-1.24356	-0.0897975	16578.6	2371.55	5.11044e+06	1.08329e+10	620	1116	3100	
257:
2.63055	0.679438	-1.39407	-0.449536	-0.525017	0.0998415	-0.648275	-0.130195	-0.884714	0.132268	-1.23696	-0.16694	17464	2412.95	4.65071e+06	8.96629e+09	744	1116	3038	
258:
4.01549	-0.0741455	-1.26237	-0.426528	-0.33051	-0.041657	-0.648275	-0.0216193	-0.997012	0.122738	-1.27225	-0.0677288	26175.8	2510.87	4.47946e+06	7.41123e+09	682	1116	3410	
259:
1.5504	0.613192	-1.56053	-0.514735	-0.488415	-0.191918	-0.648275	0.0936802	-0.905845	0.159275	-1.19236	-0.158218	9358.24	2645.39	5.14541e+06	7.8444e+09	620	1116	3162	
260:
1.45409	0.71825	-1.09157	-0.40609	-0.251585	0.0302227	-0.648275	-0.0767746	-1.04258	0.114273	-1.31802	-0.17205	12625.4	2636.8	4.55211e+06	6.67906e+09	682	3162	3472	
261:
3.47799	0.356392	-1.50191	-0.531912	-0.452657	-0.264263	-0.648275	0.149192	-0.92649	0.16639	-1.20806	-0.12441	14907.8	2606.46	5.49646e+06	8.60029e+09	620	930	3472	
262:
2.98163	1.43932	-1.23305	-0.843714	-0.19402	-0.238739	-0.648275	0.129607	-1.07581	0.295542	-1.28011	-0.26698	15196.1	2966.55	6.09592e+06	6.82126e+09	682	1116	3658	
263:
4.07969	1.21572	-1.39568	0.293621	-0.726582	-0.315945	-0.648275	0.188849	-0.76834	-0.175557	-1.23653	-0.237543	21679.6	2746.62	5.23979e+06	7.0273e+09	744	1116	3844	
264:
-1.20426	1.33552	-1.28159	-0.469638	-1.09425	0.00755158	-0.648275	-0.0593784	-0.556067	0.140595	-1.2671	-0.253315	5428.2	2376.01	5.30599e+06	1.1953e+10	682	992	3534	
265:
-0.114776	1.19641	-0.0544133	-0.012768	-1.18205	-0.503633	-0.648275	0.332867	-0.505378	-0.048647	-1.59592	-0.235	10449.5	2282.44	5.18185e+06	1.27084e+10	682	992	3472	
266:
2.41973	1.62786	-0.215963	-0.722326	-0.966481	-0.13058	-0.648275	0.0466135	-0.629834	0.245262	-1.55263	-0.291802	19709.4	2440.78	5.57512e+06	1.16433e+10	682	992	3472	
267:
-1.82425	3.0131	0.39437	-1.01718	0.0876149	-1.80697	-0.648275	1.33295	-1.23842	0.367394	-1.71617	-0.474172	11620.4	3036.38	5.74956e+06	6.37375e+09	620	1054	3720	
268:
-3.09973	3.03587	-1.16739	0.0267312	-1.17729	-0.441115	-0.648275	0.284896	-0.508124	-0.0650081	-1.2977	-0.47717	5235.18	3443.48	6.50167e+06	3.25939e+09	744	1116	7254	
269:
-2.14806	3.10095	-0.0822811	0.727096	-0.899994	-0.596801	-0.648275	0.404358	-0.66822	-0.355109	-1.58845	-0.485739	6814.89	3595.77	6.7197e+06	-1.48561e+08	3348	5518	7006	
270:
1.96926	3.45745	-2.24425	2.33055	-1.73208	-0.45431	-0.648275	0.29502	-0.187817	-1.01928	-1.00916	-0.532672	31289.8	3925.74	6.2819e+06	-2.15384e+09	3348	7502	7874	
271:
-0.268181	2.07956	-1.72136	0.0669282	-0.827476	-0.312901	-0.648275	0.186514	-0.710089	-0.0816582	-1.14926	-0.351269	7979.43	3941.6	5.84758e+06	-3.00683e+09	4154	5270	5642	
272:
5.55428	1.84149	-0.819145	-0.153942	-0.77595	-0.641967	-0.648275	0.439015	-0.739837	0.0098294	-1.39101	-0.319928	36938	3737.72	6.55129e+06	-1.23771e+09	4278	5084	7812	
273:
2.08947	2.00591	-1.03035	0.370789	-0.841561	0.138311	-0.648275	-0.159713	-0.701957	-0.207521	-1.33442	-0.341573	14870.1	3573.8	6.56823e+06	-1.50441e+08	4278	4960	7812	
274:
-0.37881	2.10328	0.924382	1.05175	1.15221	0.313733	-0.648275	-0.294319	-1.85306	-0.489586	-1.85819	-0.354392	29782	3651.77	6.74373e+06	4.74339e+08	930	5456	6882	
275:
-7.09227	4.11759	-0.375561	1.05169	-0.777492	0.39245	-0.648275	-0.354721	-0.738947	-0.489561	-1.50987	-0.619581	4575.37	3928.52	6.50838e+06	-1.10165e+09	4340	5270	7812	
276:
-7.39489	-1.18379	0.15305	2.06124	0.762119	0.157738	-0.648275	-0.174621	-1.62784	-0.907731	-1.65151	0.0783593	8519.34	4513.26	4.83022e+06	-2.24796e+09	5270	6076	7626	
