254:
2.66557	0.573422	-1.75968	-0.0578513	-0.458951	-0.947354	-0.648275	0.673346	-0.922857	-0.0299729	-1.139	-0.152983	29385.8	2952.22	4.9163e+06	6.40689e+09	620	1488	3782	
255:
5.02878	-0.735622	-1.7234	-0.152685	-0.758486	-0.303644	-0.648275	0.17941	-0.74992	0.00930843	-1.14872	0.0193562	25969.9	2614.62	5.63876e+06	1.02072e+10	620	1488	2976	
256:
4.41539	-0.920949	-1.622	-0.355548	-0.670915	-0.692945	-0.648275	0.478131	-0.800479	0.093337	-1.17589	0.043755	23908.5	2427.77	4.97366e+06	9.70569e+09	620	1488	3286	
257:
1.91598	-0.561904	-0.896492	-0.388203	-0.266547	-1.84625	-0.648275	1.36309	-1.03394	0.106863	-1.37029	-0.00351414	18947	2388.25	5.13064e+06	1.09701e+10	620	1488	3348	
258:
2.81716	-1.00246	-1.53555	-0.145348	-0.864526	-0.612338	-0.648275	0.41628	-0.688698	0.00626934	-1.19905	0.0544865	21738.5	2309.92	4.29986e+06	9.09936e+09	620	1488	2976	
259:
3.3196	-1.11178	-1.863	-0.337462	-0.780809	-0.362616	-0.648275	0.224661	-0.737032	0.0858455	-1.11131	0.0688779	25025.6	2291.03	3.98908e+06	8.05978e+09	620	1488	3844	
260:
2.90422	-0.355305	-1.5515	-0.418993	-0.336027	-0.877784	-0.648275	0.619963	-0.993827	0.119617	-1.19478	-0.0307134	23886	2176.35	3.68841e+06	7.77755e+09	620	1488	3782	
261:
1.08194	-0.577023	-1.09237	-0.263297	-0.386283	-1.42981	-0.648275	1.04355	-0.964811	0.0551257	-1.3178	-0.00152373	19508.9	2187.24	3.63608e+06	7.83091e+09	620	1488	3782	
262:
0.167155	-0.810912	-1.48744	-0.174454	-0.732415	-0.380412	-0.648275	0.238316	-0.764972	0.0183254	-1.21194	0.0292684	11769	2224.92	3.54402e+06	7.32409e+09	620	1426	3410	
263:
1.97008	-0.716311	-1.78476	-0.35972	-0.661482	-0.320589	-0.648275	0.192413	-0.805925	0.0950652	-1.13228	0.0168139	17623.8	2110.52	3.44414e+06	7.40787e+09	620	1426	2976	
264:
0.994543	-0.0838746	-1.33442	-0.61127	-0.0143012	-1.06342	-0.648275	0.762404	-1.17958	0.199261	-1.25294	-0.0664479	18421.9	2021.43	3.0262e+06	6.71123e+09	620	1426	2976	
265:
0.301043	-0.821045	-1.28878	-0.197637	-0.672191	-0.499643	-0.648275	0.329806	-0.799743	0.0279281	-1.26517	0.0306025	14758.8	2151	3.13852e+06	6.42645e+09	558	1550	2976	
266:
2.12523	-0.970156	-1.71228	-0.385095	-0.750348	-0.287897	-0.648275	0.167328	-0.754618	0.105576	-1.1517	0.0502333	21370.6	2145.05	3.345e+06	7.11232e+09	558	1488	3038	
267:
1.49136	-0.322044	-1.68971	-0.071574	-0.710879	-0.315933	-0.648275	0.18884	-0.777406	-0.0242887	-1.15774	-0.0350924	19487.1	2160.69	3.31697e+06	6.91221e+09	558	1488	2976	
268:
-0.496169	-0.831821	-1.28936	-0.198557	-0.501415	-0.451407	-0.648275	0.292793	-0.89834	0.0283095	-1.26502	0.0320211	13090.5	2234.46	3.1328e+06	5.6002e+09	558	1488	3782	
269:
-0.733451	-0.91886	-1.64494	-0.297993	-0.646859	-0.194729	-0.648275	0.0958367	-0.814368	0.0694972	-1.16974	0.04348	8644.62	2131.97	3.4345e+06	7.41993e+09	558	1488	3100	
270:
-1.27368	-0.0216532	-2.15479	0.140758	-0.901178	-0.123024	-0.648275	0.0408154	-0.667537	-0.11224	-1.03313	-0.0746395	7891.47	2174.69	3.70678e+06	7.72669e+09	558	1488	3038	
271:
1.19626	-0.747064	-1.37783	-0.181801	-0.474584	-0.27999	-0.648275	0.16126	-0.913831	0.0213689	-1.24131	0.0208627	17484.8	2069.78	3.21757e+06	6.82398e+09	558	1488	3720	
272:
2.39415	-0.888542	-1.61222	-0.27616	-0.609061	-0.109335	-0.648275	0.0303121	-0.836191	0.0604536	-1.17851	0.0394886	15576.2	1978.25	3.67417e+06	8.94373e+09	558	1426	1736	
273:
1.81147	0.470063	-2.40346	0.394717	-1.01412	0.0936781	-0.648275	-0.125466	-0.602327	-0.217433	-0.966496	-0.139375	15140.4	2016.33	3.94632e+06	9.59344e+09	558	1488	3782	
274:
1.08386	-0.933025	-1.35498	-0.231106	-0.414892	-0.068968	-0.648275	-0.000662862	-0.948294	0.0417914	-1.24744	0.0453448	10903.3	2045.07	4.21422e+06	1.06177e+10	558	1550	3472	
275:
3.03648	-0.197019	-1.51599	-0.296908	-0.53773	-0.163444	-0.648275	0.0718314	-0.877373	0.0690476	-1.20429	-0.0515522	14239.8	2193.06	4.56907e+06	1.06041e+10	682	1550	2480	
276:
3.00251	0.92415	-1.77798	-0.366046	-0.474478	-0.207528	-0.648275	0.105658	-0.913892	0.0976854	-1.13409	-0.199157	17829.2	2706.72	5.0329e+06	6.70605e+09	620	2480	3844	
277:
4.54605	0.351632	-1.14394	0.0186924	-0.76286	-0.629807	-0.648275	0.429684	-0.747395	-0.0616783	-1.30398	-0.123783	28911.9	2653.85	5.24982e+06	9.03909e+09	496	1426	3844	
278:
-0.851963	0.797629	-0.990317	-0.814396	-0.533226	-0.361431	-0.648275	0.223752	-0.879974	0.283398	-1.34515	-0.1825	6056.66	2751.78	5.73053e+06	9.80655e+09	496	1488	3782	
279:
-0.000785867	1.3625	-0.78813	0.0227206	-1.41774	-0.16169	-0.648275	0.0704855	-0.369301	-0.0633468	-1.39932	-0.256867	10388.1	2999.84	6.00338e+06	8.01835e+09	620	1488	2542	
280:
3.3046	0.0937463	-0.205891	-0.369975	-1.11514	-0.319826	-0.648275	0.191827	-0.544003	0.0993129	-1.55533	-0.0898321	19987.2	2588.29	5.10573e+06	9.73593e+09	496	1488	1860	
281:
0.178907	2.28957	-0.316694	0.00278686	-2.0086	0.336244	-0.648275	-0.311593	-0.0281643	-0.05509	-1.52564	-0.378918	11994.3	3524.45	6.71986e+06	3.62896e+09	434	868	1488	
282:
-1.68524	2.27213	-0.492683	-1.24877	-0.798104	-0.079358	-0.648275	0.00730967	-0.727046	0.463321	-1.47849	-0.376621	8981.02	3822.08	6.14825e+06	-5.13957e+08	868	6200	7316	
