3:
0.249612	4.38604	1.54691	1.05096	-0.769648	-0.176006	-0.584516	0.0426331	-0.699618	-0.395503	-2.13372	-0.307085	
4:
-1.21217	4.82305	1.1769	-0.0524038	-0.716051	-0.638135	-0.555455	0.347198	-0.689463	0.0300675	-2.0133	-0.375347	
17:
-0.400251	3.40662	0.714797	1.57556	-0.785064	-0.352433	-0.727431	0.424085	-0.892829	-0.458113	-2.01538	-0.12538	
20:
-0.275527	4.08341	0.423357	1.54241	0.958552	0.0735482	-0.454161	-0.373308	-1.51304	-0.740167	-1.73724	-0.315368	
21:
0.0275831	4.03259	1.99657	1.09315	-0.202907	-0.705095	-0.550577	0.390179	-0.978828	-0.449718	-2.22936	-0.273082	
22:
-1.29939	4.09618	1.27271	1.37381	-1.2431	0.240577	-0.548164	-0.339615	-0.37486	-0.568583	-2.03364	-0.282345	
37:
0.842226	2.36725	1.3977	1.42755	-0.859482	-0.454909	-0.64163	0.354983	-0.728524	-0.489674	-2.13555	-0.0202205	
53:
4.75839	3.80248	-1.83074	0.738134	-0.831583	0.320592	-0.667408	-0.195694	-0.781087	-0.176207	-1.28936	-0.199655	
55:
-0.653775	5.21104	0.15559	1.22999	0.186841	-0.0631769	-0.56116	-0.0841604	-1.21882	-0.494943	-1.74382	-0.424322	
56:
-1.9657	5.49773	1.83736	0.638144	0.658773	-1.48606	-0.746771	1.32725	-1.75378	-0.0488877	-2.33033	-0.39354	
57:
-1.53697	4.60622	2.07888	0.604905	-0.392997	-0.6248	-0.543803	0.316902	-0.8595	-0.254811	-2.24646	-0.351103	
58:
-0.19371	4.68404	1.49143	1.88977	-1.0246	-0.575489	-0.717185	0.5776	-0.740044	-0.599353	-2.21597	-0.297338	
59:
-0.161637	4.44117	0.946601	1.23985	0.0111252	-0.602522	-0.635687	0.458019	-1.22276	-0.418359	-2.01033	-0.295452	
60:
0.190682	3.63373	0.352535	0.43882	-0.271316	0.0518419	-0.710285	0.0843525	-1.16519	-0.00581677	-1.90576	-0.16161	
85:
0.565603	6.3295	-0.723522	0.0529244	0.556075	-0.968646	-0.63321	0.734689	-1.53389	0.0706008	-1.56101	-0.544969	
86:
1.15697	5.22149	0.474938	0.86125	-0.344938	-0.810232	-0.72214	0.766257	-1.13945	-0.167962	-1.94723	-0.366266	
87:
-0.576445	5.61336	0.00617901	1.21381	-0.674398	-0.476753	-0.435145	0.0162112	-0.543368	-0.624638	-1.61154	-0.52381	
88:
0.106746	3.83009	0.0724353	0.613839	-0.129981	-0.978065	-0.551003	0.600369	-1.02153	-0.250718	-1.7141	-0.246265	
92:
0.917621	5.40144	0.230723	0.604787	-0.575288	-0.449115	-0.653449	0.370887	-0.909317	-0.136082	-1.83151	-0.415317	
93:
0.932937	4.99269	0.155526	0.275942	0.130574	-0.262338	-0.735749	0.369276	-1.43324	0.0892116	-1.87161	-0.331119	
94:
0.68299	3.45189	0.515389	0.50166	0.198799	-0.0234477	-0.555397	-0.124568	-1.21757	-0.199496	-1.83601	-0.194852	
97:
1.39916	3.4704	0.43961	0.710961	0.332277	0.0359051	-0.599536	-0.0941109	-1.35706	-0.238415	-1.84802	-0.180994	
112:
-1.31155	4.45952	2.80564	2.18039	-2.07253	-1.43434	-0.66867	1.15309	-0.0664108	-0.772244	-2.5326	-0.285691	
114:
-0.426403	3.30595	2.67184	1.86442	-1.15747	-0.70727	-0.76702	0.764528	-0.733806	-0.534912	-2.56875	-0.0975107	
126:
0.381495	3.70917	2.5453	0.775439	-1.0617	0.0207249	-0.71479	0.115986	-0.715239	-0.140373	-2.49661	-0.169879	
215:
5.06906	2.64847	-1.53493	0.472709	-0.649817	0.100234	-0.632524	-0.0866725	-0.836696	-0.104022	-1.34309	-0.0606063	
217:
3.75118	2.32588	-1.50698	0.144015	-0.477286	0.306893	-0.625811	-0.256807	-0.926813	0.0248609	-1.34566	-0.0206147	
219:
4.45684	2.3984	-1.0294	-0.18147	-0.903118	0.596984	-0.652207	-0.433951	-0.718289	0.188253	-1.49295	-0.0204173	
221:
2.6998	2.91743	1.56254	-2.43555	-2.60998	3.1726	-0.686824	-2.35068	0.21821	1.15939	-2.2128	-0.0759682	
222:
5.09569	2.63392	-2.46087	0.828785	-0.762186	0.0774377	-0.556146	-0.20069	-0.663805	-0.334185	-1.03907	-0.0868882	
224:
3.64759	3.37272	-3.55776	1.65787	-0.772216	0.181077	-0.192837	-0.905774	-0.144217	-1.07084	-0.4792	-0.31828	
226:
5.54751	2.88951	-1.89043	0.818542	-0.528402	0.169859	-0.633372	-0.138637	-0.907994	-0.246353	-1.24845	-0.0920263	
229:
3.08539	0.928529	-0.859354	0.117424	-0.776681	-0.717099	-0.295799	-0.039296	-0.28725	-0.321327	-1.27761	0.0415151	
230:
6.0273	1.14073	-0.435858	-0.48578	-0.335947	-0.178528	-0.582053	0.0403269	-0.946532	0.238368	-1.60064	0.119259	
231:
4.17846	1.73641	-0.705681	-1.17848	0.11265	-0.473167	-0.579777	0.262491	-1.20231	0.52283	-1.52667	0.039996	
232:
4.75104	0.722261	-1.01039	-0.803193	-0.0275104	-0.586811	-0.526176	0.257403	-1.04559	0.309364	-1.40579	0.153722	
233:
5.22126	1.27188	-1.04689	-0.886781	-0.172093	-0.342847	-0.60286	0.202239	-1.07056	0.426989	-1.45214	0.109674	
234:
4.093	1.11975	-0.908547	-0.670541	-0.00216851	-0.249965	-0.598045	0.122678	-1.16186	0.332208	-1.48569	0.127925	
235:
5.40107	0.637665	-1.08811	-0.670381	-0.214708	-0.419224	-0.534583	0.143284	-0.949397	0.26345	-1.39112	0.167963	
236:
4.70495	1.29531	-1.24048	-0.753511	-0.212239	-0.326957	-0.567848	0.129761	-0.997866	0.33389	-1.37464	0.0936634	
237:
4.25072	0.629987	-0.922842	-0.439013	-0.161444	-0.430124	-0.537411	0.156517	-0.984148	0.170676	-1.43747	0.170018	
238:
4.74202	0.50558	-1.32294	-0.649096	-0.351803	-0.345951	-0.540649	0.097504	-0.878824	0.2612	-1.33263	0.187592	
239:
3.72584	1.36575	-1.49012	-0.323854	-0.298998	-0.376495	-0.395723	-0.128598	-0.704354	-0.0303868	-1.18174	0.0208441	
240:
4.14445	0.31997	-1.10516	-0.472576	-0.384634	-0.431285	-0.534129	0.151757	-0.850647	0.181026	-1.38621	0.209621	
241:
4.94033	0.549491	-1.43757	-0.5345	-0.446058	-0.341836	-0.536778	0.0876802	-0.81893	0.209542	-1.29908	0.180382	
242:
3.3674	1.68526	-1.7838	-0.105421	-0.450423	-0.638289	-0.0728589	-0.483636	-0.16033	-0.47033	-0.8667	-0.140417	
243:
4.85523	0.266447	-1.17633	-0.35606	-0.486888	-0.421	-0.534269	0.144105	-0.791809	0.132915	-1.36725	0.216719	
244:
4.92219	0.672527	-1.4194	-0.473569	-0.541411	-0.297373	-0.546081	0.069582	-0.777036	0.194374	-1.31076	0.167618	
245:
3.40839	1.68839	-1.5291	-0.10355	-0.458291	-0.784254	-0.117044	-0.295554	-0.218274	-0.42328	-0.967294	-0.124516	
246:
4.8601	0.364225	-1.1631	-0.409691	-0.49637	-0.539558	-0.531358	0.230066	-0.782218	0.151979	-1.36866	0.202772	
247:
4.22505	1.39296	-1.35002	-0.61603	-0.463856	-0.365689	-0.529737	0.0938599	-0.798697	0.235692	-1.31739	0.0667379	
248:
3.54561	1.82308	-0.795623	0.385176	-1.02524	-0.96384	-0.338417	0.223415	-0.204015	-0.386104	-1.32588	-0.0605214	
249:
5.46645	1.41132	-1.31972	-0.402114	-0.995756	-0.306825	-0.654591	0.26367	-0.668174	0.282226	-1.41691	0.110415	
250:
2.62186	3.70172	0.119066	-0.813056	-1.96284	1.0689	-0.592874	-0.898228	-0.0225447	0.385642	-1.75725	-0.213907	
251:
3.79245	2.64929	-0.421547	-0.721145	-1.18303	-0.238609	-0.666513	0.231854	-0.576912	0.427277	-1.6663	-0.0481661	
252:
1.72365	5.10602	0.40566	-1.69598	-1.08883	0.383658	-0.403107	-0.69917	-0.258785	0.545961	-1.69512	-0.468845	
253:
1.37978	4.98497	-0.156738	-1.4816	-1.19917	0.241536	-0.510018	-0.406033	-0.346276	0.572879	-1.62269	-0.41344	
254:
2.7353	3.87796	0.246766	-1.25303	-1.31632	0.259342	-0.557385	-0.338137	-0.345625	0.529471	-1.76549	-0.250211	
255:
2.18518	4.53823	-0.0492817	-2.15933	0.382406	-1.09084	-0.666326	0.885469	-1.48045	1.02279	-1.76591	-0.296919	
379:
4.29015	1.61311	-1.27276	-0.177756	-1.29714	-0.0256546	-0.426339	-0.345091	-0.171374	-0.0577638	-1.2624	-0.000417913	
380:
5.5155	0.78756	-0.911648	-0.186967	-0.569763	-0.29228	-0.524396	0.0283359	-0.729999	0.0521878	-1.43094	0.144468	
381:
4.24611	1.91606	-0.0839299	-0.832136	-1.25467	0.755272	-0.59471	-0.654411	-0.434003	0.395532	-1.7042	0.0218577	
382:
5.24137	1.36832	-0.920915	0.253014	-0.73318	-0.390195	-0.4712	0.0118726	-0.560419	-0.187638	-1.38952	0.0483703	
383:
5.61057	1.56845	-0.909955	-0.318259	-1.01367	0.0652541	-0.583554	-0.144149	-0.557373	0.170603	-1.4747	0.0635024	
384:
4.26972	1.75441	-0.850933	0.115172	-0.738232	-0.215966	-0.417823	-0.213723	-0.482017	-0.188316	-1.36919	-0.0221651	
385:
5.64657	1.39347	-1.02427	-0.248121	-0.778085	-0.197096	-0.54673	-0.00624689	-0.641309	0.101692	-1.41711	0.072944	
386:
3.46333	2.61218	0.214323	-0.795236	-1.49361	0.979934	-0.517092	-0.960446	-0.186283	0.296235	-1.7273	-0.0984441	
387:
5.57218	1.25032	-0.98634	-0.0169133	-0.684089	-0.360031	-0.506774	0.0499806	-0.639072	-0.0373247	-1.39803	0.0770386	
388:
4.36094	2.17293	-0.46243	-0.629158	-1.21139	0.355484	-0.473042	-0.557134	-0.286928	0.179764	-1.51372	-0.0568778	
389:
5.09019	1.72012	-0.62608	0.274037	-0.723025	-0.38966	-0.5016	0.063807	-0.609274	-0.16344	-1.49077	0.013278	
390:
5.23254	2.18631	-0.834136	-0.313384	-0.8887	-0.144405	-0.484946	-0.15306	-0.490069	0.0618506	-1.42283	-0.0542447	
391:
4.08066	2.06041	-0.526252	0.336977	-0.927045	-0.388326	-0.553726	0.152535	-0.565201	-0.133091	-1.55568	-0.012277	
392:
5.43146	1.68265	-0.560805	-0.418985	-0.906206	-0.225257	-0.579009	0.0709415	-0.612988	0.207405	-1.56493	0.0467903	
393:
3.29748	2.63696	0.462499	-0.172301	-0.95924	-0.52864	-0.645717	0.418595	-0.676707	0.177429	-1.88796	-0.0542197	
394:
4.99345	1.55488	0.0612767	-0.256784	-0.922382	-0.345117	-0.594536	0.189649	-0.625608	0.157026	-1.74298	0.0693435	
395:
1.83297	2.60989	0.662632	-0.161322	-0.76466	-1.47295	-0.63406	1.12312	-0.772564	0.160265	-1.93305	-0.0549593	
396:
5.62308	2.38127	-0.19764	-0.672127	-0.903491	-0.167377	-0.567059	0.0059532	-0.597656	0.299326	-1.65349	-0.0495971	
397:
0.800399	4.09698	1.92821	-0.131951	-0.994289	-1.43322	-0.696452	1.20006	-0.728222	0.215631	-2.31783	-0.227705	
398:
1.53726	3.10001	0.861331	0.924792	-1.57344	-1.48291	-0.339541	0.623647	0.110896	-0.608403	-1.77069	-0.228217	
