403:
0.789485	-0.480196	0.341273	1.47667	-2.21575	-1.79985	-0.648275	1.32749	0.0914339	-0.665593	-1.70194	-0.0142712	25258.2	3065.26	5.58664e+06	5.65358e+09	558	1054	3534	
404:
2.71692	-0.559284	-2.08002	-0.0290393	-1.16526	-0.460691	-0.648275	0.299917	-0.515068	-0.0419072	-1.05316	-0.00385912	19272	2638.38	5.47067e+06	8.9264e+09	558	868	3534	
405:
0.904427	-0.568171	-1.9741	-0.16876	-0.919127	-0.4424	-0.648275	0.285882	-0.657174	0.0159669	-1.08154	-0.00268913	8989.46	2646.25	5.36985e+06	7.5108e+09	496	806	3720	
406:
4.94326	-0.253977	-1.50816	-0.180774	-0.619798	-1.03397	-0.648275	0.739812	-0.829992	0.0209434	-1.20639	-0.0440535	31000.4	2569.42	5.15606e+06	7.81518e+09	496	806	3534	
407:
4.08359	-0.804905	-0.827262	0.486786	-1.28896	-1.58444	-0.648275	1.1622	-0.443651	-0.255569	-1.38884	0.0284776	26855.7	2598.67	5.18839e+06	7.20165e+09	496	806	3844	
408:
1.16926	-0.64061	-1.67844	-0.0931941	-0.953079	-0.508718	-0.648275	0.336769	-0.637572	-0.0153334	-1.16076	0.00684773	8461.82	2355.97	5.29298e+06	9.89613e+09	496	806	2790	
409:
5.18249	-0.571697	-1.91333	-0.437267	-0.693877	-0.480241	-0.648275	0.314918	-0.787222	0.127186	-1.09782	-0.00222487	27348	2349.34	5.19782e+06	9.98535e+09	496	806	3534	
410:
3.40884	0.295506	-1.3839	-0.668683	0.0999196	-1.31814	-0.648275	0.957862	-1.24552	0.223042	-1.23968	-0.116394	19919.7	2337.86	5.15181e+06	9.92135e+09	496	806	3286	
411:
1.85927	-0.710614	-1.09116	0.0817969	-0.917122	-1.18621	-0.648275	0.856628	-0.658331	-0.087817	-1.31813	0.0160639	13504.3	2115.53	4.65016e+06	1.06827e+10	620	930	3534	
412:
1.09004	-0.573212	-1.61286	-0.273443	-0.763872	-0.437795	-0.648275	0.282348	-0.74681	0.0593281	-1.17834	-0.00202537	8891.82	2244.95	4.75679e+06	9.66002e+09	620	992	3596	
413:
4.05814	-0.290744	-1.78468	-0.387557	-0.590326	-0.491695	-0.648275	0.323707	-0.847007	0.106596	-1.1323	-0.0392131	22899.4	2364.68	4.77755e+06	8.60373e+09	620	992	2790	
414:
2.8018	0.308332	-1.15046	-0.631762	0.0181515	-1.47434	-0.648275	1.07772	-1.19831	0.207749	-1.30224	-0.118083	23462	2288.86	5.05514e+06	1.10748e+10	620	930	2790	
415:
1.27503	-0.511982	-1.26159	-0.207927	-0.756683	-0.55812	-0.648275	0.374677	-0.750961	0.0321905	-1.27246	-0.0100865	10711.7	2109.27	4.57985e+06	1.02794e+10	620	930	3906	
416:
2.54601	-0.69313	-1.73248	-0.437546	-0.803617	-0.320442	-0.648275	0.1923	-0.723864	0.127302	-1.14628	0.0137621	14097.2	2262.62	5.14716e+06	1.12205e+10	434	806	2852	
417:
3.47596	0.248035	-1.38715	-0.200622	-0.543062	-0.559461	-0.648275	0.375706	-0.874295	0.0291649	-1.23882	-0.110145	21783.5	2310.99	5.46679e+06	1.24492e+10	558	868	3410	
418:
0.831879	-0.531343	-1.00273	-0.254278	-0.687883	-0.648693	-0.648275	0.444176	-0.790683	0.0513898	-1.34182	-0.00753757	10203.2	2292.59	5.88636e+06	1.47776e+10	558	930	3410	
419:
-0.559379	-0.207374	-1.42222	-0.429797	-0.66329	-0.265365	-0.648275	0.150038	-0.804881	0.124092	-1.22942	-0.050189	5481.67	2464.84	6.24404e+06	1.29013e+10	558	930	7130	
420:
0.202223	1.58241	-2.35739	0.469804	-1.09399	-0.144824	-0.648275	0.0575436	-0.556215	-0.248535	-0.978839	-0.285818	8761.16	2537.57	6.39983e+06	1.2746e+10	558	868	6696	
421:
5.32837	0.181902	-1.19126	-0.238097	-0.78205	-0.451357	-0.648275	0.292754	-0.736315	0.0446876	-1.2913	-0.101438	31407.8	2868.98	6.76606e+06	9.7327e+09	496	806	3534	
422:
0.825064	0.175207	-1.2304	-0.473567	-0.573859	-0.267678	-0.648275	0.151812	-0.856515	0.142222	-1.28082	-0.100557	6521.54	3207.2	6.78603e+06	4.24737e+09	558	868	3472	
423:
2.59273	0.594871	-0.506813	-0.566168	-0.794624	0.0218638	-0.648275	-0.0703605	-0.729056	0.180579	-1.4747	-0.155806	16886.3	3606.95	6.92593e+06	9.52531e+08	496	3472	5828	
424:
2.96825	-0.246969	-0.961071	-0.0742459	-0.866283	-0.320447	-0.648275	0.192304	-0.687684	-0.023182	-1.35298	-0.044976	19179.3	2934.95	6.91679e+06	9.58444e+09	496	806	6510	
425:
-0.304091	0.462408	0.147904	-0.837423	-1.5294	0.438636	-0.648275	-0.390161	-0.304832	0.292936	-1.65013	-0.138367	8715.16	3560.64	6.91029e+06	1.84866e+09	496	806	7192	
426:
3.64077	0.774442	0.0435284	-0.790419	-1.54389	0.247204	-0.648275	-0.24327	-0.296468	0.273467	-1.62216	-0.179447	28234.8	3672.19	6.48501e+06	-3.27193e+08	682	5766	6262	
427:
3.79859	1.35016	-1.00924	-0.712324	-1.07761	-0.575475	-0.648275	0.387994	-0.565675	0.241119	-1.34007	-0.255242	30670.4	3935.8	5.75704e+06	-1.32973e+09	3782	4960	7378	
