285:
1.45359	0.765595	-1.61992	0.160259	-0.653566	-0.0869235	-0.648275	0.0131149	-0.810496	-0.120317	-1.17644	-0.178283	20069.6	3136.57	5.25918e+06	5.37954e+09	744	1178	3720	
286:
3.11465	-0.31273	-1.63281	-0.298554	-0.635769	-0.356314	-0.648275	0.219825	-0.820771	0.0697294	-1.17299	-0.0363185	25375.7	2839.66	5.50551e+06	8.46129e+09	806	3224	3658	
287:
3.38875	-0.155003	-2.01169	-0.12362	-0.83017	-0.202366	-0.648275	0.101697	-0.708533	-0.00273039	-1.07147	-0.0570837	29910.2	2872.23	4.29257e+06	4.67757e+09	806	3224	3658	
288:
1.92305	0.237452	-1.2356	-0.214047	-0.287736	-0.839754	-0.648275	0.590782	-1.02171	0.0347255	-1.27942	-0.108751	20051.9	2590.97	4.42711e+06	7.24541e+09	806	3224	3658	
289:
2.73644	-0.802649	-1.64062	-0.363746	-0.749011	-0.422931	-0.648275	0.270942	-0.75539	0.096733	-1.1709	0.0281806	25616.6	2287.96	4.13337e+06	9.01997e+09	806	1116	3038	
290:
2.98191	-0.322142	-1.71829	-0.167502	-0.710931	-0.180113	-0.648275	0.0846221	-0.777376	0.0154461	-1.15009	-0.0350794	22170.1	2366.79	4.3715e+06	8.8539e+09	806	1178	3100	
291:
1.64637	0.0285471	-1.65672	-0.16386	-0.544783	-0.514137	-0.648275	0.340927	-0.873302	0.0139373	-1.16659	-0.0812485	20435.8	2418.73	4.01044e+06	7.0513e+09	806	1116	3720	
292:
2.13037	-0.612644	-1.39657	-0.199773	-0.563616	-0.610127	-0.648275	0.414583	-0.862428	0.0288131	-1.23629	0.00316588	24719.6	2254.87	3.82495e+06	7.97349e+09	806	1116	3224	
293:
1.08669	-0.48609	-1.64415	-0.206811	-0.679099	-0.232911	-0.648275	0.125135	-0.795754	0.0317282	-1.16995	-0.0134953	14509.7	2264.01	3.92684e+06	8.07487e+09	806	1178	2976	
294:
0.976815	-0.209395	-1.90267	-0.255153	-0.604779	-0.427022	-0.648275	0.274082	-0.838663	0.0517522	-1.10068	-0.0499228	17777.4	2343.23	3.91648e+06	7.39141e+09	682	1054	3224	
295:
1.4778	-0.294223	-1.15623	-0.26833	-0.250408	-0.748207	-0.648275	0.520536	-1.04326	0.0572102	-1.30069	-0.038755	21924.1	2179.53	3.77474e+06	8.05244e+09	682	1054	3286	
296:
-0.281504	-0.72574	-1.65626	-0.296949	-0.649679	-0.241525	-0.648275	0.131745	-0.81274	0.0690647	-1.16671	0.0180553	10535.6	2166.92	3.79359e+06	8.18486e+09	682	1054	3596	
297:
1.20824	-0.304458	-1.99589	-0.136673	-0.74787	-0.290534	-0.648275	0.169351	-0.756049	0.00267607	-1.0757	-0.0374076	16096	2197.87	3.99512e+06	9.36828e+09	806	1178	2976	
298:
-0.225705	-0.199169	-1.26464	-0.277474	-0.360988	-0.706543	-0.648275	0.488566	-0.979416	0.0609977	-1.27164	-0.051269	14087.9	2182.51	3.82174e+06	8.69141e+09	806	2976	3534	
299:
-0.394858	-0.96453	-1.66989	-0.371466	-0.679995	-0.287167	-0.648275	0.166767	-0.795237	0.0999304	-1.16306	0.0494925	10714.1	2044.22	3.90281e+06	1.00722e+10	806	1178	3038	
300:
1.82805	-0.430852	-1.7729	-0.104516	-0.730562	-0.144946	-0.648275	0.0576375	-0.766042	-0.0106438	-1.13545	-0.0207674	20073.5	2317.14	3.86352e+06	7.02137e+09	806	1178	3534	
301:
1.02532	-0.264571	-1.48535	-0.0653706	-0.46747	-0.430623	-0.648275	0.276845	-0.917938	-0.0268583	-1.2125	-0.0426587	20305.3	2265.66	3.87772e+06	7.51382e+09	806	1178	3410	
302:
-1.04403	-0.984454	-1.62699	-0.344496	-0.649832	-0.278135	-0.648275	0.159837	-0.812652	0.0887594	-1.17455	0.0521156	9903.18	2140.27	4.12908e+06	1.00029e+10	806	1116	3162	
303:
2.2647	-0.636776	-1.74619	-0.166502	-0.681608	-0.114216	-0.648275	0.0340574	-0.794306	0.0150316	-1.14261	0.00634299	23009.6	2224.32	3.98187e+06	8.55397e+09	806	1116	3720	
304:
1.19838	-0.430018	-1.77676	-0.0628815	-0.622595	-0.248134	-0.648275	0.136816	-0.828377	-0.0278893	-1.13442	-0.0208773	19446.3	1974.65	3.66127e+06	9.477e+09	806	1116	3658	
305:
0.562608	-1.08074	-1.5142	-0.307281	-0.6348	-0.0911316	-0.648275	0.0163439	-0.82133	0.0733442	-1.20477	0.0647926	16212.4	1899.49	3.47221e+06	9.17536e+09	434	806	1116	
306:
0.623955	-0.855071	-1.64369	-0.159494	-0.683347	-0.0543493	-0.648275	-0.0118802	-0.793301	0.0121289	-1.17008	0.0350821	14086	2087.5	3.73996e+06	8.74914e+09	806	1116	3100	
307:
0.715669	-0.534437	-2.1403	0.131569	-1.01205	0.158922	-0.648275	-0.175529	-0.603524	-0.108433	-1.03701	-0.00713028	18902	2012.64	4.01638e+06	1.10559e+10	744	1116	3410	
308:
0.862372	-1.24717	-1.35568	-0.22338	-0.632856	0.195577	-0.648275	-0.203656	-0.822452	0.0385913	-1.24725	0.0867035	17877.8	1933.7	3.66388e+06	1.03156e+10	372	744	1116	
309:
0.788999	-0.785736	-1.67544	-0.0646686	-0.802376	0.0610186	-0.648275	-0.100405	-0.72458	-0.027149	-1.16157	0.025954	14855.1	2058.59	3.87587e+06	9.23986e+09	744	1178	3782	
310:
-1.70573	-1.74324	-1.42821	0.271006	0.652603	0.742008	-0.648275	-0.622947	-1.56461	-0.16619	-1.22781	0.152012	18176.4	2054.8	3.81212e+06	9.95966e+09	744	1178	3782	
311:
-0.202233	-1.16461	-1.73876	-0.467896	-0.793513	-0.179184	-0.648275	0.0839093	-0.729697	0.139873	-1.1446	0.0758335	14781.6	2003.1	4.0617e+06	1.16639e+10	744	1054	3658	
312:
-3.44176	-0.912131	-0.547486	-0.118402	-0.385278	0.385481	-0.648275	-0.349374	-0.965392	-0.00489179	-1.4638	0.0425941	13512.1	2268.16	4.84655e+06	1.25209e+10	744	1178	3534	
313:
-4.88631	0.738601	-0.477373	-1.41998	-0.412959	0.323575	-0.648275	-0.301872	-0.94941	0.53424	-1.48259	-0.174729	6959.55	2975.63	6.00863e+06	8.26118e+09	744	1240	6572	
315:
-4.77363	-0.303547	0.032403	0.842972	0.671728	0.820059	-0.648275	-0.682837	-1.57565	-0.403106	-1.61918	-0.0375274	18404.7	3373.1	6.26959e+06	5.39676e+09	682	1240	7130	
336:
3.61576	0.038056	-2.07069	0.100708	-0.808926	-0.0945062	-0.648275	0.0189333	-0.720798	-0.0956502	-1.05566	-0.0825004	24436.2	3462.56	5.71969e+06	3.60094e+09	620	1674	2790	
337:
1.45134	-0.208021	-2.2562	-0.0712279	-0.904117	-0.105136	-0.648275	0.02709	-0.66584	-0.0244321	-1.00595	-0.0501037	12768.9	3292.11	6.03748e+06	5.3252e+09	558	1674	2790	
338:
4.23439	-0.272185	-1.21197	-0.118065	-0.441108	-0.47619	-0.648275	0.31181	-0.933158	-0.00503143	-1.28575	-0.0416564	27858.8	2951.83	5.70572e+06	7.46891e+09	558	1736	2790	
339:
0.805545	-0.942438	-1.64322	-0.311639	-0.678961	-0.22752	-0.648275	0.120998	-0.795834	0.0751494	-1.1702	0.0465841	8074.2	2654.47	5.55218e+06	8.95245e+09	558	1674	2852	
340:
0.353722	-0.0625191	-2.14353	0.10663	-0.909026	-0.121099	-0.648275	0.0393384	-0.663006	-0.0981032	-1.03614	-0.0692594	7708.79	2727.98	5.57918e+06	8.26352e+09	558	1674	2852	
341:
4.03728	-0.405597	-1.17709	-0.18523	-0.336288	-0.56401	-0.648275	0.379196	-0.993676	0.0227891	-1.2951	-0.0240924	25044.8	2639.61	4.83766e+06	6.80519e+09	558	2666	3348	
342:
4.50517	-1.06221	-1.61893	-0.376326	-0.624915	-0.261414	-0.648275	0.147006	-0.827037	0.101944	-1.17671	0.0623524	26440.7	2990.51	5.30839e+06	3.94427e+09	558	3720	4526	
343:
2.02861	-0.248021	-1.95826	0.00598418	-0.790776	-0.124512	-0.648275	0.0419577	-0.731277	-0.0564144	-1.08579	-0.0448377	11006.2	2677.81	5.20369e+06	7.32026e+09	558	3720	4216	
344:
2.9225	-0.496074	-1.38839	-0.226215	-0.35272	-0.573962	-0.648275	0.386833	-0.984189	0.0397658	-1.23848	-0.0121809	16503.1	2601.64	5.51946e+06	9.07848e+09	558	1612	3782	
345:
2.10578	-1.24478	-1.50112	-0.399356	-0.595186	-0.286277	-0.648275	0.166084	-0.844201	0.111483	-1.20828	0.0863884	10937.1	2505.84	5.39376e+06	9.94099e+09	434	1674	3720	
346:
4.37379	-0.696393	-1.78359	-0.108326	-0.75844	-0.0944183	-0.648275	0.0188658	-0.749947	-0.00906557	-1.13259	0.0141917	20398.7	2608.69	5.1503e+06	8.37127e+09	558	1736	3782	
347:
3.93068	-0.660177	-1.76134	-0.171638	-0.686852	-0.202827	-0.648275	0.102051	-0.791278	0.0171592	-1.13855	0.00942381	22960	2531.39	5.39899e+06	1.04544e+10	558	1674	2604	
348:
3.80864	-1.41191	-1.32744	-0.411723	-0.569913	-0.113395	-0.648275	0.0334275	-0.858793	0.116606	-1.25482	0.108391	18681	2333.94	4.94499e+06	1.02732e+10	558	1674	2666	
349:
4.95139	-1.15071	-1.6632	-0.177311	-0.754795	-0.0563906	-0.648275	-0.0103138	-0.752051	0.019509	-1.16485	0.074003	21867.7	2331.67	5.05781e+06	1.07375e+10	558	1674	3906	
350:
0.614823	-0.793659	-2.11176	0.0949924	-1.04363	0.335309	-0.648275	-0.310876	-0.585294	-0.0932828	-1.04466	0.0269969	10350.9	2508.09	4.8163e+06	8.13521e+09	558	1736	2728	
351:
1.97759	-1.61243	-1.16182	-0.272189	-0.535652	0.0979745	-0.648275	-0.128762	-0.878573	0.0588089	-1.29919	0.13479	11193.4	2431.1	4.97745e+06	9.46247e+09	558	2604	3658	
352:
3.44615	-1.37915	-1.57457	-0.226675	-0.743213	-0.00143136	-0.648275	-0.0524855	-0.758738	0.0399564	-1.1886	0.104078	20123.3	2750.63	5.2395e+06	6.79195e+09	558	2604	3782	
353:
-0.258165	-1.83302	-0.319254	-0.685915	-0.430945	1.65386	-0.648275	-1.32264	-0.939026	0.23018	-1.52496	0.163832	13057.1	2550.74	5.08386e+06	8.17058e+09	496	2542	3782	
354:
4.19507	-1.56765	-1.2349	-0.357766	-0.66307	-0.0772749	-0.648275	0.00571125	-0.805008	0.0942558	-1.27961	0.128894	25019.4	2315.83	4.55364e+06	7.88352e+09	496	2604	3720	
355:
-1.62739	0.490749	-0.968538	-0.963194	0.994674	-0.704116	-0.648275	0.486703	-1.76211	0.345032	-1.35098	-0.142099	8713.98	2512.76	5.55629e+06	9.34654e+09	496	2604	3968	
356:
3.58831	-1.69322	-1.01885	-0.70331	-0.493428	-0.201689	-0.648275	0.101178	-0.902951	0.237385	-1.3375	0.145426	20092.1	2919.52	5.48679e+06	6.38308e+09	434	2604	3968	
357:
-2.01238	-1.5668	-1.29237	-0.791231	-0.709926	-0.296209	-0.648275	0.173705	-0.777956	0.273803	-1.26421	0.128783	10583.6	3658.88	5.50315e+06	7.30582e+08	434	2604	4092	
359:
-0.258181	-2.18844	0.32121	-1.14453	-0.280048	0.0436307	-0.648275	-0.0870629	-1.02615	0.420144	-1.69657	0.210624	21235.8	3551.27	5.67015e+06	2.78891e+09	434	2604	4278	
360:
-4.43407	-1.32023	1.62901	-1.17702	1.39359	0.06138	-0.648275	-0.100682	-1.99242	0.433602	-2.04699	0.0963216	11820.2	4005.09	6.1974e+06	-1.27268e+09	434	1736	7874	
374:
2.04473	-0.342623	-1.7837	0.921025	-0.298769	1.28573	-0.648275	-1.04016	-1.01534	-0.435437	-1.13256	-0.0323831	16566.8	3870.92	5.37549e+06	-8.83326e+08	2604	4092	5642	
376:
2.67437	1.39718	-2.97158	-0.231126	0.285148	-0.570896	-0.648275	0.38448	-1.35246	0.0417997	-0.814269	-0.261432	14872.1	3930.86	6.78877e+06	-2.40763e+09	3782	6200	6634	
377:
5.10393	0.878718	-3.16137	0.634794	-0.503113	-0.300777	-0.648275	0.177211	-0.897359	-0.316876	-0.763415	-0.193176	27989.9	3614.62	6.00725e+06	1.68867e+08	2046	2356	5022	
378:
-0.482945	1.52611	-4.38837	0.767743	-1.10088	-0.17284	-0.648275	0.079041	-0.552238	-0.371945	-0.43464	-0.278407	6732.11	3789.1	6.53737e+06	-9.98923e+08	2790	4340	6696	
379:
0.863372	0.884322	-3.3707	0.683818	-0.815281	-0.212625	-0.648275	0.109569	-0.717129	-0.337182	-0.707326	-0.193913	6559.52	3351.84	6.18701e+06	2.21199e+09	2728	6076	7316	
380:
4.98756	0.378161	-3.50526	0.741342	-1.02119	-0.467752	-0.648275	0.305335	-0.598247	-0.361009	-0.67127	-0.127276	25963.7	3565.12	6.15515e+06	8.18177e+08	2356	2728	4092	
381:
5.6302	1.14002	-3.54892	0.820469	-0.848056	-0.222445	-0.648275	0.117104	-0.698207	-0.393785	-0.659572	-0.227576	25681.1	3218.1	6.05015e+06	3.50453e+09	2418	2914	3596	
382:
3.99242	0.782546	-3.55508	0.429281	-0.785284	-0.22912	-0.648275	0.122226	-0.734448	-0.23175	-0.657919	-0.180514	14104.4	3048.63	6.03725e+06	4.5891e+09	2356	2666	3534	
383:
5.33712	1.13015	-3.49569	0.90092	-0.901274	-0.295705	-0.648275	0.173318	-0.667481	-0.427109	-0.673834	-0.226278	26896.4	3257.19	5.56374e+06	2.65869e+09	2666	3658	6696	
384:
1.75038	1.47368	-3.56194	0.936957	-0.750497	-0.277792	-0.648275	0.159573	-0.754532	-0.442036	-0.656081	-0.271504	10326.2	3346.48	5.67439e+06	2.21501e+09	2542	3534	6944	
385:
-0.847804	1.25786	-4.21168	0.48398	-0.89775	-0.218197	-0.648275	0.113845	-0.669516	-0.254407	-0.481984	-0.243091	4809.85	3215.14	5.74501e+06	3.08486e+09	2356	2666	3596	
386:
-0.511273	1.58388	-3.45946	0.361268	-0.136621	-0.447264	-0.648275	0.289614	-1.10895	-0.203578	-0.683541	-0.286012	5178.26	3480.35	6.06964e+06	5.09394e+08	2418	3534	6634	
387:
5.32198	-0.0757891	-3.01494	0.411229	-0.190396	-0.0161445	-0.648275	-0.0411957	-1.07791	-0.224272	-0.802651	-0.0675124	26310.7	3633.14	6.11673e+06	-1.0979e+08	2418	3596	5022	
388:
1.08271	-0.0360925	-3.00602	-0.374379	-0.342125	-0.237008	-0.648275	0.128279	-0.990306	0.101137	-0.80504	-0.0727385	7547.56	3663.74	6.51103e+06	4.67099e+08	372	2418	6758	
389:
0.541902	0.565369	-2.7143	0.372194	-0.650163	0.516205	-0.648275	-0.449682	-0.81246	-0.208103	-0.883205	-0.151922	7398.41	4066.41	6.81185e+06	-3.81253e+09	2666	6324	6944	
390:
4.55253	-1.14597	-2.6416	0.484098	-0.607622	0.280744	-0.648275	-0.269006	-0.837022	-0.254455	-0.902686	0.0733797	22747.9	4012.08	6.75392e+06	-3.62212e+09	372	6572	7006	
391:
-0.369938	-0.880728	-2.73457	0.374525	-1.48243	-0.050153	-0.648275	-0.0151001	-0.331952	-0.209069	-0.877775	0.0384598	7452.53	3981.71	5.74824e+06	-1.70638e+09	2604	3658	6386	
392:
4.257	-1.54309	-2.35393	0.771359	-0.806405	0.0765295	-0.648275	-0.112307	-0.722254	-0.373443	-0.979767	0.125661	32265.4	3841.63	5.15582e+06	8.85264e+08	2604	3534	4092	
410:
2.78863	0.261199	-2.42836	0.426639	-0.987884	0.105465	-0.648275	-0.13451	-0.617477	-0.230655	-0.959824	-0.111878	26610.9	3388.08	6.24072e+06	3.37568e+09	434	1426	7006	
411:
5.19277	-0.694735	-1.69205	-0.310479	-0.594285	-0.298477	-0.648275	0.175446	-0.844721	0.0746689	-1.15712	0.0139734	27213.4	3241.46	6.42183e+06	4.45852e+09	496	1426	7068	
412:
1.1237	0.248231	-2.10407	0.165957	-0.842857	-0.171455	-0.648275	0.0779781	-0.701208	-0.122677	-1.04672	-0.11017	8109.47	3014.92	6.63511e+06	7.6836e+09	558	1054	6634	
413:
4.75653	-0.0277424	-1.50375	-0.594124	-0.106938	-1.12043	-0.648275	0.806152	-1.12609	0.192159	-1.20757	-0.0738378	26553.8	2722.71	6.47367e+06	1.12898e+10	496	1054	1488	
414:
6.271	-0.278739	-1.48273	-0.188052	-0.515055	-0.443126	-0.648275	0.286439	-0.890465	0.0239582	-1.2132	-0.0407934	32458.6	2728.35	6.35807e+06	9.76024e+09	496	1054	1488	
415:
6.48569	-0.0258787	-2.25532	0.00327269	-0.870585	-0.158748	-0.648275	0.068228	-0.6852	-0.0552912	-1.00619	-0.0740832	35958	2712.71	6.23701e+06	9.98902e+09	434	744	1054	
416:
5.30863	0.0551108	-1.79505	-0.426632	-0.349574	-0.708407	-0.648275	0.489996	-0.986006	0.122781	-1.12952	-0.0847457	29377.8	2583.69	5.79357e+06	9.59584e+09	434	806	4340	
417:
6.02083	-0.545865	-1.2742	-0.306269	-0.405837	-0.428755	-0.648275	0.275411	-0.953522	0.0729252	-1.26908	-0.00562564	29208.5	2347.16	5.73828e+06	1.18188e+10	434	806	2976	
418:
2.85484	-0.538585	-2.13298	-0.257908	-0.803472	-0.190453	-0.648275	0.092556	-0.723947	0.0528935	-1.03897	-0.00658408	12168.6	2468.69	5.62985e+06	1.01376e+10	434	744	2728	
419:
3.42645	0.349901	-2.01573	0.0778428	-0.672329	-0.223088	-0.648275	0.117598	-0.799663	-0.0861792	-1.07039	-0.123555	17364.9	2445.63	5.6842e+06	1.15196e+10	434	806	2728	
420:
5.25187	-0.847261	-1.29567	-0.414369	-0.308603	-0.367006	-0.648275	0.22803	-1.00966	0.117701	-1.26333	0.0340538	25151.6	2199.24	5.511e+06	1.36062e+10	434	806	2728	
421:
1.2133	-0.677511	-1.87379	-0.340465	-0.650875	-0.187925	-0.648275	0.0906158	-0.812049	0.0870897	-1.10842	0.0117059	6693.94	2325.35	6.04295e+06	1.3934e+10	434	744	2666	
422:
4.05277	0.346645	-2.13487	0.184078	-0.763271	-0.0126442	-0.648275	-0.0438816	-0.747157	-0.130183	-1.03847	-0.123127	20259.5	2488.7	6.49309e+06	1.33977e+10	558	992	3286	
423:
5.19648	-1.08261	-1.29653	-0.441606	-0.29774	-0.168483	-0.648275	0.0756975	-1.01593	0.128984	-1.2631	0.0650377	24966.9	2183.55	5.87698e+06	1.52097e+10	558	868	4030	
424:
1.57477	-0.721361	-1.75833	-0.343645	-0.643848	-0.132285	-0.648275	0.047922	-0.816106	0.0884069	-1.13936	0.0174788	7418.81	2227.05	5.85855e+06	1.42553e+10	558	868	2728	
425:
4.58625	-0.163166	-1.57839	-0.148376	-0.682049	0.106446	-0.648275	-0.135263	-0.794051	0.00752361	-1.18757	-0.0560089	22909.2	2312.4	5.87075e+06	1.28243e+10	558	868	2728	
426:
5.06597	-1.25772	-1.22467	-0.457868	-0.351282	-0.0521549	-0.648275	-0.013564	-0.985019	0.13572	-1.28235	0.0880915	26198.8	2107.92	5.02527e+06	1.23261e+10	496	806	1984	
427:
2.83459	-0.600904	-1.58255	-0.445716	-0.611488	-0.140935	-0.648275	0.0545592	-0.834789	0.130686	-1.18646	0.00162026	11690	2204.75	5.5244e+06	1.38575e+10	558	930	1984	
428:
3.48787	-0.418693	-0.788163	-0.462385	-0.381302	0.266872	-0.648275	-0.258362	-0.967687	0.13759	-1.39931	-0.0223682	18000.3	2310.17	5.50898e+06	1.2887e+10	496	868	1922	
429:
2.13184	-1.08782	-1.20489	-0.567049	-0.433396	-0.145745	-0.648275	0.0582506	-0.937611	0.180944	-1.28765	0.0657242	10145.9	2409.64	5.80842e+06	1.31066e+10	496	806	2790	
430:
4.98836	-0.0360617	-1.26511	-0.75101	-0.347738	-0.157533	-0.648275	0.0672957	-0.987065	0.257143	-1.27152	-0.0727426	23709.3	2652.96	5.88711e+06	9.44445e+09	496	806	3410	
431:
4.93114	-0.340641	-0.714008	-0.406675	-0.166803	0.167537	-0.648275	-0.182139	-1.09153	0.114515	-1.41918	-0.032644	25470.3	2455.06	5.64333e+06	1.0604e+10	558	930	3410	
432:
6.40626	-0.301285	-1.30321	-0.750341	-0.47993	-0.238762	-0.648275	0.129624	-0.910744	0.256866	-1.26131	-0.0378253	30869.1	2785.84	6.61529e+06	1.00545e+10	620	930	3410	
433:
1.62251	0.388129	-0.767838	-0.932718	-0.30079	-0.0064006	-0.648275	-0.0486725	-1.01417	0.332409	-1.40476	-0.128588	10591.7	2875.22	6.15028e+06	7.87202e+09	620	930	3410	
434:
2.74895	0.18927	-0.870122	-0.427239	-0.359619	-0.184971	-0.648275	0.0883492	-0.980206	0.123032	-1.37735	-0.102408	12503.1	2985.28	6.31169e+06	6.43797e+09	620	3410	6510	
435:
-0.0240433	0.360238	-1.09453	-0.793357	-0.562337	-0.149171	-0.648275	0.060879	-0.863166	0.274684	-1.31722	-0.124916	5850.83	3107.69	6.67316e+06	6.72158e+09	496	806	7378	
436:
2.09468	0.73159	-0.783034	-0.638638	-0.31457	-0.258054	-0.648275	0.144428	-1.00622	0.210597	-1.40069	-0.173806	15344.3	2925.84	6.58431e+06	9.16868e+09	496	868	7378	
437:
3.89679	0.728661	-0.964703	-0.436441	-0.629892	-0.210401	-0.648275	0.107862	-0.824164	0.126844	-1.35201	-0.17342	21921.2	3148.44	7.15356e+06	5.89603e+09	496	868	6014	
438:
3.00525	1.61184	-0.832445	-0.667271	-0.701239	-0.129184	-0.648275	0.0455428	-0.782972	0.222457	-1.38745	-0.289693	24761.4	3247.2	7.17708e+06	5.48489e+09	496	806	5952	
439:
1.2803	0.888166	-0.386223	-0.146383	-1.2904	-0.717095	-0.648275	0.496662	-0.442822	0.00669814	-1.50701	-0.194419	13837.2	3548.67	6.55192e+06	1.33124e+09	620	5952	6510	
440:
-0.713794	2.51507	-0.825465	-1.10978	-0.873884	-0.091113	-0.648275	0.0163296	-0.683295	0.405751	-1.38932	-0.408606	12642.5	4099.26	5.35144e+06	-3.70665e+09	4092	5952	7006	
441:
-0.400839	2.17314	0.37934	-1.71132	-2.08662	0.969178	-0.648275	-0.797261	0.0168778	0.654915	-1.71214	-0.363589	13488	3883.45	6.24444e+06	-1.43305e+09	496	5952	6944	
442:
-0.581204	1.91376	0.0667061	-0.679205	-1.42088	-0.00124064	-0.648275	-0.0526319	-0.367487	0.2274	-1.62837	-0.329442	11324.1	3922.83	6.05965e+06	-2.06335e+08	434	1488	1984	
