267:
-0.746067	1.41392	-0.564813	0.0151927	-1.38999	-0.737937	-0.648275	0.512655	-0.38532	-0.0602287	-1.45916	-0.263636	18154.9	3052.08	5.20166e+06	5.62752e+09	620	1178	4588	
268:
1.76283	0.230438	-2.27003	-0.356152	-1.14466	-0.170874	-0.648275	0.0775326	-0.526961	0.0935872	-1.00225	-0.107828	20773.9	2671.81	4.9054e+06	8.17441e+09	682	1178	4650	
269:
1.89899	0.734273	-1.55889	-0.672085	-0.151835	-1.02384	-0.648275	0.73204	-1.10017	0.224451	-1.1928	-0.174159	24084.7	2551.12	3.88395e+06	5.64133e+09	744	1240	3658	
270:
1.14994	-0.344523	-0.449423	0.642937	-1.39378	-1.77839	-0.648275	1.31102	-0.38313	-0.320249	-1.49008	-0.032133	22199.8	2430.5	4.15915e+06	8.13004e+09	744	1240	3658	
271:
-0.289406	-0.0563941	-1.47	-0.160705	-0.901494	-0.51113	-0.648275	0.33862	-0.667354	0.0126306	-1.21661	-0.0700658	9148.85	2368.64	4.5364e+06	9.57655e+09	744	1178	3596	
272:
2.81795	0.0535932	-1.63742	-0.570311	-0.54686	-0.490423	-0.648275	0.322731	-0.872102	0.182295	-1.17176	-0.0845459	19667.6	2238.41	4.46836e+06	1.03879e+10	248	744	1302	
273:
1.83738	0.675657	-1.19562	-0.716952	0.013901	-1.3361	-0.648275	0.971641	-1.19586	0.243036	-1.29014	-0.166442	25241.8	2362.09	4.02143e+06	7.60623e+09	248	744	1302	
274:
1.80969	-0.217123	-0.936105	0.186373	-0.911485	-0.982825	-0.648275	0.700564	-0.661586	-0.131134	-1.35967	-0.0489054	21405	2328.36	4.07473e+06	7.66129e+09	248	682	1302	
275:
2.52227	-0.46309	-1.62396	-0.486866	-0.740103	-0.430422	-0.648275	0.276691	-0.760534	0.147731	-1.17536	-0.0165233	24686.4	2332.81	3.81615e+06	6.14069e+09	682	1178	3720	
276:
2.22189	0.0559987	-1.39202	-0.566379	-0.296231	-0.623192	-0.648275	0.424608	-1.0168	0.180666	-1.23751	-0.0848626	20980	1987.92	3.76813e+06	1.04178e+10	248	744	1178	
277:
-0.315998	-0.2765	-1.02277	-0.380694	-0.460133	-1.30006	-0.648275	0.943987	-0.922174	0.103753	-1.33645	-0.0410883	13663.2	2058.34	3.66038e+06	9.35953e+09	248	682	1178	
278:
0.691311	-0.649278	-1.37692	-0.264413	-0.787624	-0.390456	-0.648275	0.246023	-0.733097	0.0555878	-1.24156	0.00798894	13019	1908.9	3.18556e+06	8.09836e+09	248	682	1178	
279:
2.57089	-0.59362	-1.5774	-0.330531	-0.729169	-0.287906	-0.648275	0.167334	-0.766846	0.0829749	-1.18784	0.000661291	20300.5	1856.55	3.29649e+06	9.20867e+09	248	744	1178	
280:
1.3593	-0.31722	-1.3643	-0.367155	-0.50197	-0.826675	-0.648275	0.580746	-0.898019	0.0981448	-1.24494	-0.0357274	21443.4	2131.83	3.56117e+06	7.36532e+09	682	1054	3658	
281:
2.02896	-0.527796	-1.02689	-0.10744	-0.610404	-0.591094	-0.648275	0.399979	-0.835415	-0.00943236	-1.33535	-0.00800459	21573.3	2169.17	3.91856e+06	8.55118e+09	682	1054	3720	
282:
1.13479	-0.56393	-1.67891	-0.389331	-0.779071	-0.235858	-0.648275	0.127397	-0.738035	0.10733	-1.16064	-0.00324738	13754.5	2391.2	4.22801e+06	7.08614e+09	682	992	3906	
283:
-2.67713	1.26562	-2.35007	0.517453	-1.15322	-0.164585	-0.648275	0.0727067	-0.522019	-0.268272	-0.980802	-0.244112	5927.89	2371.45	5.12268e+06	1.15674e+10	248	682	1054	
284:
2.8029	0.0944578	-1.16046	-0.176831	-0.576293	-0.387948	-0.648275	0.244099	-0.855109	0.0193101	-1.29956	-0.0899258	22087.3	2431.91	5.07031e+06	1.0549e+10	682	1054	3906	
285:
-1.23727	0.10227	-1.50904	-0.58508	-0.555472	-0.330303	-0.648275	0.199867	-0.86713	0.188413	-1.20615	-0.0909543	5605.29	2723.21	5.91901e+06	9.93762e+09	124	620	1054	
286:
2.66887	1.04361	-1.24008	-0.402881	-0.397058	-0.496838	-0.648275	0.327654	-0.95859	0.112943	-1.27822	-0.214884	20976.8	3040.84	6.22905e+06	6.88328e+09	124	620	930	
287:
0.929006	0.235336	-0.97662	-0.382368	-0.548306	-0.288477	-0.648275	0.167772	-0.871268	0.104446	-1.34882	-0.108473	13245.3	2943.6	5.57464e+06	6.38048e+09	124	496	806	
288:
-3.60728	1.89494	-0.397903	0.621311	-0.875682	-0.891157	-0.648275	0.630225	-0.682257	-0.311291	-1.50388	-0.326963	6687.34	3974.34	5.71532e+06	-1.58635e+09	62	558	1054	
