576 941
941 1332
1332 1866
1866 2049
2049 2337
2886 2920
2920 3295
4231 4622
4622 5083
5300 6176
6176 6877
7520 8199
8436 8496
9397 9475
13356 14112
14112 14775
14775 15129
16244 16618
17071 17345
19952 20184
20184 20418
21385 21784
22956 23277
23756 24126
24126 25043
25043 25866
25866 26193
26193 26632
26632 28291
28291 28373
28373 28994
28994 29293
29293 29533
29533 29866
29866 30191
30191 30625
30625 30815
31031 31411
31411 31844
31844 32274
32274 32757
32757 32926
32926 33155
33188 33664
33664 34128
34365 34398
40264 40641
40641 40907
41633 41921
42733 43090
44440 44713
45048 45367
46672 47138
47138 47461
